taxa	FHBDON	FHBDISIND	FHBSPKINC	PTHT	STMANG	ZDK	GLBLSEV	BLSSEV	HSATIVLSEV	ERGSEV	SPKHD	HDANG	SPKLNG	SDHD	SPKYLD	SPKDEN
17SGH00019	0.9	0.35	30	130	70	71	10	20	20	1	25	1	32.88	6.75	0.046	0.76034063
17SGH00022	0	2.6	100	125	70	73	0	20	0	0	24.6	1.8	29.88	4.35	0.036	0.82329317
17SGH00059	0	NA	NA	NA	NA	NA	NA	NA	NA	NA	NA	NA	NA	NA	NA	NA
17SGH00060	1.4	1.15	75	116	70	69	0	5	2	0	23.8	0	34.92	10.7	0.0745	0.68155785
17SGH00069	0	1.35	80	129	90	77	2	30	2	0	24.4	0	34.44	10.2	0.0885	0.70847851
17SGH00079	0.2	1.5	95	144	80	69	0	10	2	0	27.4	0	31.08	11.15	0.078	0.88159588
17SGH00091	0.1	1.5	90	132	80	69	2	20	0	0	20	0	32.38	4.45	0.048	0.61766523
17SGH00092	NA	0.95	60	122	40	71	5	60	10	0	20	1	34.72	21.5	0.151	0.57603687
17SGH00098	0	NA	NA	NA	NA	NA	NA	NA	NA	NA	NA	NA	NA	NA	NA	NA
17SGH00108	NA	1.466666667	66.66666667	112	80	61	2	20	2	3	19.2	0.6	29.26	8.2	0.056	0.65618592
17SGH00117	0.2	1.8	100	108	70	71	2	10	0	0	16.6	0	27.48	13.9	0.1175	0.60407569
17SGH00157	0	1.4	80	120	90	73	2	60	0	0	24.8	0.6	34.12	20.55	0.098	0.72684642
17SGH00161	NA	2.35	95	133	80	73	2	70	0	0	24.6	1	35.08	19.45	0.1415	0.70125428
17SGH00166	0.2	1.75	90	127	80	73	2	20	5	0	22.4	1	31.98	17.55	0.1275	0.70043777
17SGH00195	0.1	1.95	100	132	80	71	0	10	2	0	23.6	0	28.36	14.5	0.0965	0.83215797
17SGH00199	0	1.65	85	119	90	71	2	10	2	0	21.4	0.4	24.88	6.75	0.038	0.86012862
17SGH00217	NA	1.4	85	112	80	69	2	20	0	0	20.2	0.2	31.64	16.65	0.1195	0.63843236
17SGH00226	0.3	1.9	90	144	50	71	2	40	0	0	25.6	1.2	32.7	12.9	0.0825	0.78287462
17SGH00228	0	2.55	100	148	70	73	2	30	5	0	25.6	1.2	34.6	15.85	0.1155	0.73988439
17SGH00242	0.7	2.2	95	140	70	75	2	80	2	0	24.2	1	30.4	10.1	0.087	0.79605263
17SGH00253	0.1	1.65	90	140	60	61	10	60	20	0	27.2	0.8	41.2	19.1	0.164	0.66019417
17SGH00267	NA	2.05	90	150	70	71	2	50	5	0	24.6	1.2	32.12	12.4	0.085	0.76587796
17SGH00281	0.4	0.95	70	106	80	69	0	5	2	0	20.8	0	26.9	10.5	0.104	0.7732342
17SGH00304	0	2.7	100	139	70	73	0	20	0	0	22.8	0.8	34.12	8	0.078	0.66822978
17SGH00309	NA	1.9	90	137	30	71	5	50	2	0	21.2	0.8	32.62	18.05	0.142	0.64990803
17SGH00310	0	2.1	95	141	90	73	2	10	0	0	25.6	0.6	30.48	18.55	0.1275	0.83989501
17SGH00314	NA	1.95	90	142	90	69	2	40	5	0	23.2	0.4	30.12	15.65	0.154	0.77025232
17SGH00335	NA	2.2	95	146	80	73	2	70	0	0	22	1	31.3	11.7	0.1315	0.7028754
17SGH00344	0.4	1.85	95	130	80	75	5	40	2	0	22.2	0.2	33.42	10.9	0.083	0.66427289
17SGH00352	0.1	0.55	40	125	80	69	2	10	5	0	22	0.6	27.52	11.4	0.072	0.7994186
17SGH00353	0.4	1.25	75	123	80	71	2	40	5	0	23.2	0.2	31.08	15.95	0.1295	0.74646075
17SGH00357	0	1.25	65	141	60	71	2	40	2	0	21.8	1.2	30.22	14.75	0.071	0.72137657
17SGH00377	0.3	1.05	75	131	90	71	2	40	2	0	22.6	1	28.82	12.6	0.1125	0.78417765
17SGH00391	0.3	0.631578947	47.36842105	124	70	71	10	30	2	0	22	0.6	25.22	10.1	0.08	0.87232355
17SGH00413	0	2.15	90	148	70	71	0	40	2	0	25	0.8	30.68	8.25	0.058	0.8148631
17SGH00415	0	1.05	55	135	80	69	5	5	20	0	22.4	0	25.92	10.45	0.0775	0.86419753
17SGH00488	NA	1.5	75	129	70	75	2	60	2	0	24.4	1.2	31.62	12.5	0.099	0.7716635
17SGH00490	NA	2	83.33333333	130	70	75	0	20	0	0	22	1	33.4	14.05	0.1325	0.65868263
17SGH00518	0	2.2	100	140	80	73	0	5	0	0	23.4	0	28.5	6.4	0.0395	0.82105263
17SGH00528	0.1	2.25	90	126	70	73	5	40	0	0	23.6	1	34.36	15.65	0.115	0.68684517
17SGH00544	0	2.55	100	125	90	73	2	40	2	0	24	0.6	29.26	23.65	0.1205	0.8202324
17SGH00552	0.3	0.3	25	139	80	69	2	40	2	0	23	1	29.26	8.6	0.061	0.78605605
17SGH00560	0.1	1.9	95	135	70	73	5	70	20	0	20.2	1	29.32	14.3	0.113	0.68894952
17SGH00572	0	1	60	133	70	73	2	70	2	0	23.2	1.2	24.32	14.35	0.093	0.95394737
17SGH00591	0.1	NA	NA	NA	NA	NA	NA	NA	NA	NA	NA	NA	NA	NA	NA	NA
17SGH00599	0.2	0.85	55	136	70	71	2	30	0	0	21	0.8	31.4	10.45	0.0895	0.66878981
17SGH00605	0	2.2	100	133	70	73	0	40	2	0	25.2	1.4	33.2	18.6	0.1135	0.75903614
17SGH00607	0	0.85	55	110	80	69	5	30	20	0	20.4	0	21	13.25	0.0995	0.97142857
17SGH00620	NA	1.1	70	110	80	69	5	10	5	0	21.4	0	23.8	13	0.1045	0.89915966
17SGH00633	0	1.2	80	128	50	75	2	40	2	0	24.4	0.8	28.96	10.65	0.0855	0.84254144
17SGH00646	NA	2.65	100	116	60	73	2	40	5	0	19.4	1	29.94	11.9	0.077	0.64796259
17SGH00671	0.1	2.45	100	128	70	71	2	20	2	0	24.2	0.4	30.42	12.8	0.081	0.79552926
17SGH00675	0.5	0.8	55	135	60	73	2	20	2	0	26.4	1.2	30.48	20.25	0.1445	0.86614173
17SGH00676	NA	1.25	85	120	80	73	0	20	0	0	25.2	0.8	27.94	15.9	0.1075	0.90193271
17SGH00698	0	3.1	95	126	80	73	0	20	10	0	20.8	1.4	28.38	7.75	0.0685	0.7329105
17SGH00709	NA	1.1	55	130	50	71	0	30	2	0	21	0.8	24.1	12.1	0.099	0.87136929
17SGH00711	0	1.45	90	150	80	71	10	40	20	0	28.6	0.8	34.94	19.15	0.1675	0.81854608
17SGH00723	0	1.35	80	130	50	73	2	30	2	0	27.6	1	37.22	23.05	0.125	0.74153681
17SGH00749	0	2.25	95	132	70	75	2	50	0	0	22.4	0.6	28.98	6.9	0.0555	0.77294686
17SGH00766	0.1	1.15	65	124	70	73	2	30	5	0	24	0.4	29.28	16.15	NA	0.81967213
17SGH00774	0	2.6	95	127	90	75	0	5	2	0	20.2	0.6	30.02	10.4	0.065	0.67288474
17SGH00775	0.1	1.55	90	129	70	71	5	40	2	0	25.4	1	31.08	24.2	0.144	0.81724582
17SGH00791	0.4	1.25	75	122	80	71	5	20	20	0	24.6	0.6	30.54	19.45	0.119	0.80550098
17SGH00800	0	2.75	95	110	90	69	5	40	5	0	23.8	0.6	26.92	6.55	0.039	0.88410104
17SGH00807	0.1	2.8	100	100	80	71	5	60	20	0	17	0.4	22.38	9.65	0.0595	0.75960679
17SGH00823	0	1.85	90	120	90	73	2	60	2	0	22.8	0.2	25.36	14.35	0.079	0.89905363
17SGH00841	0.1	2.6	100	125	90	73	0	40	0	0	24.4	0.8	29	4.35	0.032	0.84137931
17SGH00871	NA	0.421052632	42.10526316	105	90	71	2	30	2	0	21	0	28.06	37.4	0.229	0.74839629
17SGH00899	0	3.1	100	140	80	73	10	40	5	0	24	1	29.46	9.55	0.084	0.81466395
17SGH00915	0.3	2.333333333	100	159	80	69	2	60	2	0	22.6	0.4	29.52	14.35	0.1075	0.76558266
17SGH00917	0.1	1.6	90	119	70	65	10	20	10	0	20.4	0	23.72	5.85	0.0295	0.86003373
17SGH00924	0	2.35	100	131	NA	75	0	10	2	0	25.4	0.8	28.84	16.6	0.1405	0.88072122
17SGH00928	NA	2.65	100	112	60	71	2	70	0	0	22.4	0.8	21.56	11.55	0.058	1.03896104
17SGH00944	0.2	2.25	100	141	90	69	2	30	2	0	24.8	1	28.02	10.8	0.073	0.88508208
17SGH00959	0	1.95	95	150	80	73	0	30	2	0	23.6	1	31.1	9.25	0.076	0.75884244
17SGH00974	0	1.111111111	72.22222222	138	80	73	2	40	2	0	21.4	1	25.7	6.05	0.051	0.83268482
17SGH01004	0.1	1.5	75	110	90	71	5	30	5	0	23.8	1.8	28.12	11.9	0.0795	0.84637269
17SGH01017	NA	1.421052632	73.68421053	139	80	73	0	30	0	0	23	0.8	24.64	9.8	0.0505	0.93344156
17SGH01043	0	2.7	95	123	70	73	5	40	2	0	21.6	1	27.98	7.35	0.068	0.77197999
17SGH01045	0.1	2.75	100	134	60	73	2	40	2	0	25.4	0.4	27.96	12.6	0.0905	0.90844063
17SGH01081	0	1.05	65	120	90	71	2	10	0	0	27	1	35.58	13.6	0.1225	0.75885329
17SGH01082	0.1	1.1	70	149	80	71	2	30	0	0	26.6	1	33.74	14.35	0.088	0.78838174
17SGH01096	0	2.75	100	140	60	71	2	30	0	0	25	1	29.46	5.1	0.033	0.84860828
17SGH01108	NA	2.1	85	139	80	73	2	70	0	0	24.2	1	31.26	9.4	0.091	0.77415227
17SGH01120	0	0.55	40	128	50	71	2	20	10	0	23.4	0	32.54	15.4	0.105	0.71911494
17SGH01126	0	2.6	100	139	80	73	2	50	0	0	22.2	0.8	26.8	14.25	0.0885	0.82835821
17SGH01158	0	2.45	95	125	80	73	2	30	5	0	23	0.4	31.42	13.9	0.092	0.73201782
17SGH01160	NA	1.3	70	136	50	71	2	30	2	0	24.4	1	32.2	14.85	0.1	0.75776398
17SGH01167	0	2.15	100	128	90	71	0	30	2	0	24.8	0.8	30.3	8.9	0.057	0.81848185
17SGH01187	0.5	1.7	85	124	70	71	0	30	2	0	23.2	1	40.48	13.2	0.0705	0.57312253
17SGH01188	0.1	2.35	100	120	90	73	2	30	2	0	25.8	1	31.04	19.7	0.101	0.83118557
17SGH01211	0.1	1.35	85	130	60	73	2	50	10	0	23.4	1	28.64	19.95	0.114	0.81703911
17SGH01214	NA	0.85	55	130	90	73	2	20	0	0	22.8	0	24.86	16.25	0.1185	0.91713596
17SGH01225	1.2	2.65	100	122	80	71	5	60	5	0	24.4	0.6	32.8	7.2	0.065	0.74390244
17SGH01231	0.1	1.75	95	125	90	69	5	20	2	0	29.6	0.8	28.92	9.35	0.1085	1.02351314
17SGH01232	0	1.85	95	143	70	73	0	30	2	0	25.6	1	31.38	11	0.0745	0.81580625
17SGH01235	0	1.45	95	123	90	71	2	30	5	0	25	0.2	25.08	17.25	0.104	0.99681021
17SGH01260	0	NA	NA	NA	NA	NA	NA	NA	NA	NA	NA	NA	NA	NA	NA	NA
17SGH01277	NA	2.7	100	129	70	75	0	20	2	0	22.4	0.8	23	10.95	0.059	0.97391304
17SGH01297	0	2.5	100	123	70	73	2	40	2	0	25.8	0.6	27	17.15	0.0855	0.95555556
17SGH01305	0.1	0.8	45	136	80	71	2	20	2	0	22.4	0.4	32.94	6.55	0.0445	0.68002429
17SGH01315	0	1.1	55	124	90	73	2	40	10	0	22.4	0.6	26.36	11.15	0.099	0.84977238
17SGH01330	0	2.4	100	129	80	75	2	20	5	0	21.2	0.6	28.32	8.55	0.075	0.74858757
17SGH01348	0.3	1.2	75	125	80	71	2	20	0	0	23	0.8	33.02	13.2	0.1285	0.69654755
17SGH01351	0.4	1.55	90	124	80	71	2	40	10	0	21.6	0.8	29.28	14.45	0.1245	0.73770492
17SGH01371	0	2.45	95	129	60	73	2	70	0	0	24.8	1.2	30.08	15.55	0.102	0.82446809
17SGH01376	0.2	1.6	85	145	80	71	5	60	0	0	30.6	0.8	37.96	10.6	0.1015	0.8061117
17SGH01380	0	0.95	60	137	60	75	2	30	2	0	23	1	29.26	15	0.1075	0.78605605
17SGH01381	0	0.95	60	126	70	73	0	40	0	0	28.4	0.6	38.18	18.25	0.171	0.74384494
17SGH01416	0.1	1.866666667	86.66666667	148	60	73	0	20	0	0	26.2	1	49.04	5.75	0.0535	0.53425775
17SGH01432	0	2.4	100	130	70	73	2	20	0	0	23.2	1	31.76	13.2	0.0795	0.73047859
17SGH01436	NA	2.583333333	100	118	70	65	0	10	2	0	20.6	0.4	29.98	16.2	0.106	0.68712475
17SGH01441	0.2	2.85	100	132	70	73	2	50	0	0	26.8	0.6	30.28	15.55	0.0965	0.88507266
17SGH01442	0.3	0.55	30	117	90	71	0	20	0	0	36	0	25.52	23.4	0.1095	1.41065831
17SGH01461	0.1	1.35	80	130	80	61	5	30	5	0	22.8	0.8	29.26	39	0.24625	0.77922078
17SGH01482	0	1.3	80	115	80	71	2	10	2	0	23.8	1.2	31	8.55	0.0645	0.76774194
17SGH01509	0	2.65	100	126	90	73	2	10	2	0	22.6	0.8	30.72	13.55	0.1015	0.73567708
17SGH01529	0.7	2.25	100	110	70	65	2	10	5	0	20.8	0.2	23.3	8.35	0.063	0.89270386
17SGH01561	1.5	1.9	95	135	80	71	0	30	0	0	23.6	0.8	33.24	12.25	0.087	0.70998797
17SGH01613	0	1.666666667	80	139	70	75	2	30	2	0	25.6	1.4	30.18	11.75	0.068	0.84824387
17SGH01625	0	1.05	70	117	80	71	2	30	0	0	25.2	0	30.7	6.15	0.0595	0.82084691
17SGH01655	0.5	2.2	100	109	90	73	2	30	2	0	22.4	0	23.54	15.15	0.098	0.95157179
17SGH01662	NA	2.384615385	100	109	NA	69	2	30	5	0	19.2	0	23.08	1.8	0.015	0.83188908
17SGH01676	0	2.4	100	134	70	73	0	20	5	0	25.6	1	34.9	20.4444444	0.18777778	0.73352436
17SGH01706	1.2	1.1	70	126	90	75	0	30	2	0	23.2	0.4	32.74	10.1	NA	0.70861332
17SGH01736	NA	NA	NA	NA	NA	NA	NA	NA	NA	NA	NA	NA	NA	NA	NA	NA
17SGH01737	NA	2.3	100	129	80	73	2	60	0	0	23.6	1	31.6	13.6	0.105	0.74683544
17SGH01741	NA	1.631578947	89.47368421	140	30	73	2	70	0	0	22.8	1	28.22	16.75	0.112	0.80793763
17SGH01744	0	3.25	100	127	70	73	2	50	5	0	25.2	1	30.12	12	0.079	0.83665339
17SGH01753	0.1	2.4	100	122	70	71	2	60	0	0	24.8	0.8	35.8	20.5	0.118	0.69273743
17SGH01762	0	1.75	90	137	70	75	0	40	2	0	21.2	1	28.68	5.2	0.0495	0.73919107
17SGH01769	NA	NA	NA	NA	NA	NA	NA	NA	NA	0	23.4	0.8	29.36	11.4	0.0785	0.79700272
17SGH01774	NA	3.5	100	132	80	73	5	80	0	0	22.8	1	28.7	6.1	0.0445	0.79442509
17SGH01776	0	1.75	85	141	80	73	5	30	2	0	26.2	1.8	30.68	15.2	0.094	0.85397653
17SGH01785	0.1	1.8	100	130	80	69	2	20	0	0	21.2	0.6	26.26	5.75	0.044	0.8073115
17SGH01796	0.2	2.9	100	127	70	73	2	30	2	0	23	0.6	40.26	11.95	0.103	0.57128664
17SGH01799	NA	2.75	100	138	50	73	0	40	2	0	25.6	1	34.08	11.15	0.094	0.75117371
17SGH01802	0	3	100	135	70	71	0	50	0	0	20.2	1	30.14	9.95	0.0635	0.67020571
17SGH01804	0.1	2.611111111	100	143	40	75	2	70	2	0	21.8	0.8	34.7	18.95	0.149	0.62824207
17SGH01813	NA	1.35	85	118	70	73	0	40	2	0	26.8	1	32.4	16.05	0.085	0.82716049
17SGH01820	0.6	2.6	100	134	80	69	5	50	2	0	27.8	0.6	45.3	30.8888889	0.24666667	0.61368653
17SGH01822	0.3	3	100	116	80	73	2	30	0	1	19.4	0.4	36.24	11.95	0.1175	0.53532009
17SGH01823	0	2.157894737	100	123	90	71	0	50	0	0	21.2	0.6	29.34	13.1	0.085	0.72256305
17SGH01829	0	1.4	75	138	80	71	2	20	2	0	23.8	0	28.02	5.3	0.045	0.84939329
17SGH01867	NA	1.941176471	100	123	70	75	2	40	0	0	25.2	0.2	25.22	10	0.0635	0.99920698
17SGH01903	0	2.35	100	123	80	73	0	30	0	0	23.8	1	28.84	6	0.037	0.82524272
17SGH01913	0.6	1.7	90	123	80	65	5	30	2	0	27.8	0	33.96	5.95	0.061	0.81861013
17SGH01937	0	2.6	100	125	60	73	5	60	20	0	26.2	1	33.12	9.65	0.095	0.7910628
17SGH01943	0.2	1.3	85	114	80	69	2	40	20	0	24.6	0.8	25.2	16.65	0.107	0.97619048
17SGH01965	0.1	2.5	100	128	70	73	2	50	2	0	24.8	1	24.92	14.35	0.095	0.99518459
17SGH01969	0.1	2	95	129	50	73	5	50	5	0	23	1	29.62	8.95	0.058	0.77650236
17SGH01976	0	2.15	95	136	80	75	2	70	0	0	23.2	0.6	28.1	12.1	0.118	0.82562278
17SGH01981	0.1	1.5	60	119	10	69	10	50	0	0	19.4	1	22.7	5.3	0.0375	0.85462555
17SGH01985	0	0.210526316	21.05263158	124	90	65	2	40	2	0	22.6	0.8	28.62	21.85	0.178	0.78965758
17SGH02009	0	1.9	100	130	50	69	2	20	2	0	24.4	1	37.6	16.1	0.097	0.64893617
17SGH02010	0.2	1.55	95	123	70	73	2	70	0	0	19.8	1	26.62	10.95	0.0705	0.74380165
17SGH02017	0.1	3.6	100	138	40	73	0	60	2	0	24	0.8	33.28	13.35	0.077	0.72115385
17SGH02035	0.1	2.9	100	125	70	73	2	40	0	0	20.8	0.8	25.92	13	0.071	0.80246914
17SGH02044	NA	1.2	70	135	70	75	2	70	2	0	26.6	1	26.96	9.35	0.067	0.98664688
17SGH02048	0.2	2.2	95	130	50	73	2	50	2	0	23	0.8	32.08	13.15	0.0885	0.71695761
17SGH02049	0	2.2	95	125	90	61	2	20	2	0	26	0.4	33.34	16.5	0.116	0.77984403
17SGH02057	NA	1.35	75	115	40	73	2	30	10	0	25.6	0.8	26.66	10.4	0.06	0.96024006
17SGH02073	0	2.35	100	131	60	69	2	30	0	0	27.2	1.2	42.02	16.65	0.118	0.6473108
17SGH02112	1.1	1.3	80	127	80	71	2	20	0	0	23	0.2	33.22	11.6	0.106	0.692354
17SGH02117	0.2	2.066666667	100	108	80	61	0	50	2	0	21.2	0	32.78	0.05	0	0.64673581
17SGH02119	0	2.15	100	128	70	73	5	20	10	0	26.6	0	30.3	13.7	0.094	0.87788779
17SGH02132	2.4	2.5	100	125	40	71	2	20	5	0	23.4	0.8	30.58	12.4	0.0935	0.76520602
17SGH02139	NA	2.6	100	120	70	73	2	60	2	0	18.8	0.4	23.82	10	0.083	0.78925273
17SGH02154	0	3	100	130	70	73	10	60	5	0	19.4	0.8	26.54	5.25	0.0365	0.73097212
17SGH02155	0	1.1	80	127	70	71	2	20	2	0	18.2	0	23.04	8.85	0.073	0.78993056
17SGH02162	1.7	1.65	90	145	70	75	10	5	2	0	22.8	0.2	31.06	17.45	0.119	0.7340631
17SGH02163	0.3	1.9	95	125	70	77	2	40	2	0	21.2	1	26.82	11.8	0.0865	0.79045488
17SGH02169	0.1	1.5	75	126	70	73	0	30	5	0	27.2	0.8	28.62	15.3	0.1045	0.95038435
17SGH02179	0	1.75	90	142	90	73	2	20	0	0	26.2	0.6	29.72	10.45	0.0765	0.88156124
17SGH02211	0	2.8	90	135	70	73	2	60	2	0	24	0.6	30.12	12.15	0.1045	0.79681275
17SGH02226	NA	NA	NA	120	90	73	5	5	30	0	21	0.2	29.76	NA	NA	0.70564516
17SGH02243	0.9	1.1	70	119	90	69	2	30	0	2	25	0	29.22	8.4	0.0645	0.85557837
17SGH02260	NA	2.55	100	142	80	75	0	50	2	0	22.2	1	30.96	9.5	0.079	0.71705426
17SGH02263	0	2.4	95	129	60	73	2	50	20	0	23.2	1	25.82	14.05	0.082	0.89852827
17SGH02267	0	2.473684211	100	129	80	73	0	40	2	0	23.6	1.2	28.68	13.45	0.08	0.82287308
17SGH02272	NA	2.6	100	94	90	73	0	40	0	0	18	0	21.7	11.6	0.086	0.82949309
17SGH02287	0	2.7	100	129	60	75	5	70	2	0	23.2	1	34.3	11.35	0.069	0.67638484
17SGH02293	NA	2.1	95	140	90	75	2	10	2	0	28.8	0.4	40.8	15.95	0.133	0.70588235
17SGH02322	0	3.15	95	119	80	71	0	50	0	2	19.6	0	22.46	5.1	0.0405	0.87266251
17SGH02325	0	2.95	100	113	70	73	2	50	0	0	20.2	0.4	28.8	11.9	0.0825	0.70138889
17SGH02329	NA	2.15	95	103	80	73	2	40	2	0	19.8	0.6	20.66	14.45	0.059	0.95837367
17SGH02335	0	2.45	100	136	70	75	2	30	0	0	19.6	0.2	24.36	11.2	0.0735	0.8045977
17SGH02349	0	1.55	80	110	70	73	5	30	5	0	25.4	1	30.12	32.4	0.218	0.84329349
17SGH02352	0	2.2	100	130	90	73	2	10	5	0	23.2	1	30.2	16.65	0.0975	0.76821192
17SGH02360	0.2	1.65	85	130	60	73	0	10	2	0	26	1	31.2	14.3	0.084	0.83333333
17SGH02361	4.7	0.95	55	118	70	71	2	30	0	0	19	0.2	26.06	14.15	0.0725	0.72908672
17SGH02373	NA	1.95	90	131	70	69	2	40	2	0	22.2	0.8	25.82	6.55	0.0605	0.85979861
17SGH02390	0	2.7	100	119	80	73	10	20	0	0	23	0.6	32.16	13.95	0.0915	0.71517413
17SGH02402	NA	2.35	100	134	60	75	2	30	5	0	25.4	1	30.6	8.1	0.0985	0.83006536
17SGH02440	0.3	2.75	100	119	90	69	2	5	2	0	23.6	0.4	37.64	6.85	0.0395	0.62699256
17SGH02459	0	0.95	65	130	90	75	0	30	2	0	22.4	0.6	25.08	13.5	0.1035	0.89314195
17SGH02466	0	0.333333333	33.33333333	128	80	65	10	10	2	0	21.6	0.2	34.12	18.45	0.15	0.63305979
17SGH02488	0	2.25	95	130	70	71	2	30	10	0	23.2	0.8	25.92	3.8	0.0505	0.89506173
17SGH02489	NA	1.5	85	126	70	69	2	20	0	0	25	0.2	28.06	9.1	0.08	0.89094797
17SGH02494	0	0.65	45	146	80	69	2	30	2	0	26.4	0.2	30.86	13.85	0.1095	0.85547634
17SGH02516	0	0.9	65	128	70	73	5	10	10	0	22.8	0	26.36	6.45	NA	0.86494689
17SGH02517	0	2.3	100	139	70	73	2	40	0	0	21.8	0.2	28.62	5.6	0.047	0.7617051
17SGH02529	0.2	0.866666667	66.66666667	136	70	71	5	60	2	0	21.6	0.4	26.78	6.6	0.048	0.80657207
17SGH02593	0	2.4	100	128	60	75	0	30	2	0	22.2	0.2	25.96	15.35	0.0935	0.85516179
17SGH02608	0	0.95	70	134	80	71	2	30	2	0	28.8	0.8	35.56	7.05	0.0465	0.80989876
17SGH02610	NA	1.5	80	126	80	69	2	20	0	0	21.2	0.4	33.36	19.75	0.1505	0.63549161
17SGH02617	0.2	2.05	95	117	70	71	2	30	10	0	24.4	0.4	28.52	7.65	0.062	0.85553997
17SGH02630	0	0.85	60	135	80	71	10	30	20	0	24	0.4	30.62	14	0.1035	0.78380144
17SGH02633	0	1.75	90	128	80	73	2	20	0	0	27.4	0.2	31.6	12.2	0.096	0.86708861
17SGH02636	0.8	1.3	85	135	90	71	2	20	0	0	22.8	0	24.98	10.7	0.0905	0.91273018
17SGH02637	0.9	2.75	100	140	80	73	2	50	0	0	26	0.2	29.08	10.15	0.0595	0.89408528
17SGH02660	0.3	0.555555556	44.44444444	96	90	65	0	20	0	0	21.8	0.2	26.78	14.8	0.1195	0.81404033
17SGH02665	0	1.25	70	130	70	71	2	20	2	0	27	0.4	27.76	14.2	0.1155	0.97262248
17SGH02669	0	1.4	85	133	70	65	2	20	2	0	25.4	0.6	31.38	8.45	0.066	0.80943276
17SGH02672	0	0.85	65	118	70	71	0	40	10	0	23	1	31.76	21.9	0.137	0.72418136
17SGH02674	NA	1.55	85	140	80	73	2	30	2	0	23.8	0.6	33.58	9.3	0.085	0.70875521
17SGH02686	0	1	65	128	70	71	5	40	2	0	29	1	35.5	17.75	0.137	0.81690141
17SGH02701	0	2.05	95	132	90	73	0	10	2	0	23.6	1	30.62	20.4	0.123	0.77073808
17SGH02702	0	1.75	90	140	70	71	2	40	5	0	25.2	0.8	28.84	8.25	0.065	0.87378641
17SGH02731	0.2	0.4	35	117	90	65	2	40	2	0	25.2	1	31.42	6.1	0.0385	0.80203692
17SGH02739	NA	NA	NA	NA	NA	NA	NA	NA	NA	NA	NA	NA	NA	NA	NA	NA
17SGH02741	0.1	1.666666667	94.44444444	135	80	69	2	40	2	0	25	0.8	37.98	16.55	0.1235	0.65824118
17SGH02778	NA	1.307692308	76.92307692	132	80	73	2	40	10	0	24.8	0.6	30.32	30	0.196	0.81794195
17SGH02786	0	2.2	100	148	60	73	5	20	2	0	22.4	0.8	34.38	13.85	0.116	0.65154159
17SGH02808	0	2.5	90	128	70	75	0	30	0	0	26.6	1	28.44	12.05	0.072	0.93530239
17SGH02814	0.2	1.8	90	130	70	71	2	20	2	0	21.4	1	34.14	12.3	0.076	0.6268307
17SGH02816	NA	1.9	90	122	40	75	5	30	2	0	25.6	0.8	29.44	16.55	0.097	0.86956522
17SGH02822	0	1.7	90	139	70	69	5	30	2	0	26.8	1	41.1	10.65	0.105	0.65206813
17SGH02859	0.1	3.6	100	136	70	71	0	50	2	0	24.4	1	31.08	7.8	0.0545	0.78507079
17SGH02861	2.3	0.75	55	124	70	71	2	20	2	0	21.2	0.8	30.56	14.2	0.1205	0.69371728
17SGH02888	0	1.052631579	63.15789474	96	80	71	2	10	2	5	20	0.2	22.8	11.4	0.086	0.87719298
17SGH02889	0.3	1.95	95	140	70	73	2	60	2	0	22.8	1.2	31.12	11.2	0.086	0.73264781
17SGH02895	NA	1.55	85	125	60	73	2	50	0	0	22.4	0.8	34.94	12.6	0.0815	0.64109903
17SGH02904	0	1.7	100	134	70	71	5	30	5	0	21.4	0.2	31.48	15.5	0.116	0.6797967
17SGH02912	0	1.5	75	132	80	73	5	10	2	0	22.8	0.2	33.34	18.3	0.1355	0.68386323
17SGH02913	0.1	0.866666667	53.33333333	117	80	65	5	40	2	0	26	1	30.58	15.25	0.1125	0.85022891
17SGH02928	0.2	2	90	132	70	71	2	30	0	0	26.8	1	36.44	18.55	0.1465	0.73545554
17SGH02945	0	1.8	90	140	80	73	0	10	0	0	25.8	0.2	34.34	12	0.0815	0.75131043
17SGH02949	0.1	2	95	134	90	69	2	5	30	0	25.4	0.2	32.28	10.8	0.0635	0.78686493
17SGH02951	0	2.15	100	157	70	73	0	30	0	0	25.6	0.4	30.6	7.1	0.0535	0.83660131
17SGH02954	1	2.1	100	146	80	75	0	10	5	0	28.2	0.4	35.46	18.8	0.13	0.79526227
17SGH02959	0	1	60	130	70	65	0	10	2	0	28.4	1	36.12	13.6	0.115	0.786268
17SGH02967	0	2	100	138	90	75	5	10	2	0	29.2	0.8	37.38	16.35	0.098	0.7811664
17SGH02971	0	1.3	70	128	70	71	5	20	5	0	26	0.6	32.38	10.8	0.0975	0.80296479
17SGH02988	0	2.7	100	135	60	73	0	40	2	0	24	1	29.44	16.05	0.124	0.81521739
17SGH02992	NA	1.95	100	131	70	75	5	40	10	0	22.2	1.2	23.36	8.45	0.049	0.95034247
17SGH02995	0	2.4	95	132	90	73	2	60	5	0	20.6	1	23.96	5.2	0.036	0.85976628
17SGH03003	0	2.1	100	117	90	71	5	30	5	0	23.4	0.2	27.16	13	0.0885	0.86156112
17SGH03009	0.2	1.85	100	157	70	69	2	30	2	0	22.2	0.6	30.9	11.15	0.081	0.7184466
17SGH03020	1	2.85	100	131	70	75	5	60	0	0	23.4	1.6	25.42	7.8	0.0675	0.92053501
17SGH03034	NA	2.25	100	128	60	71	2	40	5	0	21	0.4	26.08	9.45	0.0615	0.80521472
17SGH03044	1.5	1.35	80	130	70	71	2	20	2	0	24.6	1	30.9	16.95	0.118	0.7961165
17SGH03051	NA	1.3	75	140	80	71	2	40	2	0	25.2	1	30.46	10.7	0.1005	0.82731451
17SGH03058	0.1	1.2	70	125	80	73	2	40	2	0	30.2	0	38.64	19.85	0.1215	0.7815735
17SGH03069	0.2	0.65	50	110	40	71	5	30	5	0	22.6	0.4	25.36	10.35	0.0795	0.89116719
17SGH03080	0	1.3	75	124	90	69	2	10	2	0	22.2	1	26.84	10.95	0.105	0.8271237
17SGH03097	0	1.45	80	124	80	73	0	20	2	0	27.2	1.4	39.64	16.1	0.129	0.68617558
17SGH03099	1.1	1.45	90	98	80	75	0	40	2	0	22	0.2	30.86	13.6	0.094	0.71289695
17SGH03123	NA	1.8	100	119	80	61	5	30	30	0	29.6	0.8	30.68	15.8	0.1115	0.96479791
17SGH03126	0	2.25	100	138	40	75	2	70	5	0	24	0	31.68	12.85	0.0865	0.75757576
17SGH03128	0	2.05	100	120	60	73	5	30	20	0	21.6	0.6	23.98	16.95	0.106	0.90075063
17SGH03139	0	2	100	120	80	71	2	60	2	0	18.6	0.4	20.9	8.6	0.0645	0.88995215
17SGH03141	0.8	0.8	45	106	20	77	2	40	30	0	23.8	1	24.22	12.95	0.0825	0.98265896
17SGH03165	NA	2.7	100	127	40	71	2	60	0	0	23.2	1.4	32.58	11.15	0.0915	0.71209331
17SGH03174	0	1.95	100	130	80	71	2	40	0	0	24.4	1	33.86	10.75	0.083	0.72061429
17SGH03176	0.2	1.8	90	147	70	71	2	20	2	0	24.6	1	31.84	15.9	0.0945	0.77261307
17SGH03177	NA	1.85	95	153	60	73	0	50	0	0	22	1	33.34	15.15	0.0825	0.65986803
17SGH03209	0.1	1.6	80	129	80	71	2	40	2	0	27.4	1	37.62	15.3	0.12	0.72833599
17SGH03213	0	1.1	65	144	80	73	0	50	0	0	24	1	32.54	16.15	0.114	0.73755378
17SGH03236	0.1	1.65	90	125	70	71	2	80	0	0	26	1.2	26.08	18.05	0.0915	0.99693252
17SGH03243	0	0.85	75	116	40	71	2	20	10	0	22.6	1	30.02	13.5	0.085	0.75283145
17SGH03246	0	2.1	100	127	70	73	5	70	0	0	22	0.8	28.2	16.95	0.115	0.78014184
17SGH03248	NA	1.95	90	111	70	73	2	50	0	0	19.2	0.6	29.74	14.85	0.095	0.64559516
17SGH03261	0.3	2.25	100	106	80	73	0	10	2	0	28.2	0.8	31.86	16.85	0.116	0.88512241
17SGH03274	0	2.15	100	128	70	73	0	10	20	0	28.4	0.4	27	7.85	0.0595	1.05185185
17SGH03284	4.2	2	100	112	80	71	0	30	5	0	22.6	0	29.5	18.8	0.1385	0.76610169
17SGH03307	0	1.4	85	133	70	71	2	40	0	0	23.6	0.4	31.8	12.55	0.0915	0.74213836
17SGH03309	NA	1.35	85	108	80	69	2	20	10	0	20.6	0	25.04	14	0.094	0.82268371
17SGH03310	NA	2.1	95	124	60	71	2	30	5	0	19.4	0.8	25.76	8.65	0.0435	0.75310559
17SGH03311	0.3	0.55	45	125	60	69	2	50	10	0	18.2	0	30.16	8.65	0.079	0.60344828
17SGH03313	0	2.3	90	114	70	75	2	20	2	0	25.8	0.2	30.24	15.55	0.111	0.8531746
17SGH03317	0.3	1.25	75	118	60	71	2	10	2	0	21.6	0.6	27.74	10.65	0.085	0.77865898
17SGH03321	0	1.1	75	132	60	71	2	30	5	0	22	0	25.44	14.65	0.134	0.86477987
17SGH03328	0.4	0.85	60	119	90	65	0	2	2	0	23.8	1	34.12	20	0.18777778	0.6975381
17SGH03351	0.2	1.8	85	131	90	73	0	30	5	0	24.4	0.8	33.24	15.15	0.1535	0.73405535
17SGH03356	0	1.95	100	131	70	75	2	40	10	0	23	1	27.62	13.5	0.0705	0.83272991
17SGH03366	0.6	3.25	100	143	80	75	0	40	0	0	27.4	1.2	36.96	14.4	0.104	0.74134199
17SGH03380	0.1	1.35	100	121	80	71	2	70	2	0	21.8	0.6	24.88	11.8	0.0965	0.87620579
17SGH03412	NA	2.15	90	132	80	71	5	30	10	0	25.4	0	38.92	18.35	0.112	0.65262076
17SGH03415	0	1.45	90	126	70	71	2	60	0	0	22.8	0.6	29.4	17.7	0.1235	0.7755102
17SGH03422	NA	1.2	70	133	70	69	2	30	5	0	23	0.2	28.58	9.55	0.0715	0.80475857
17SGH03426	0.3	0.35	30	134	60	61	2	20	5	0	22.8	0	30.44	7.4	0.067	0.74901445
17SGH03435	0.5	0.25	25	139	80	61	2	20	5	0	24.4	0.4	34.22	14.55	0.1145	0.71303331
17SGH03471	0.1	2.866666667	100	135	60	73	2	40	2	0	20.4	0.6	27.22	11.6	0.104	0.74944893
17SGH03484	0.1	1.4	85	135	60	71	2	40	20	0	23.8	1	32.64	10.6	0.0815	0.72916667
17SGH03498	NA	2.1	100	106	80	71	2	10	2	0	27.4	0	30.18	26.3	0.149	0.90788602
17SGH03511	NA	1.75	95	124	80	71	2	20	10	0	25	0	30.54	15.25	0.105	0.81859856
17SGH03519	0	2.6	100	136	70	71	2	30	0	0	28.2	1	28.78	19.05	0.0835	0.97984712
17SGH03548	1.9	0.85	60	113	40	69	5	40	2	0	22	0.2	35.9	11.75	0.085	0.61281337
17SGH03553	NA	1.45	80	136	60	69	5	20	2	0	23.6	1	31.3	8.3	0.085	0.75399361
17SGH03566	8.1	0.85	65	106	90	69	0	20	0	0	24.2	0	30.62	8.5	0.0545	0.79033312
17SGH03594	0	2.25	100	121	90	75	0	20	10	0	23	0.4	28.6	11.45	0.085	0.8041958
17SGH03602	0.5	NA	NA	NA	NA	NA	NA	NA	NA	NA	NA	NA	NA	NA	NA	NA
17SGH03605	0.2	0.9	65	123	80	71	10	50	5	0	23.6	0.6	29.3	4.5	0.038	0.80546075
17SGH03618	0	0.85	55	105	90	71	2	50	5	0	21.8	0	29	11.45	0.0945	0.75172414
17SGH03625	0.1	1.25	75	129	60	71	2	70	0	0	26.6	0.2	32	18	0.118	0.83125
17SGH03657	NA	0.75	55	118	80	69	2	70	2	0	28.2	0.2	36.3	13.8	0.1115	0.7768595
17SGH03669	0.7	2.65	95	130	70	73	20	60	0	0	25.2	1	42.26	20.55	0.1065	0.59630857
17SGH03671	0.9	1.7	80	122	80	71	2	50	10	0	23	1	37.88	7.3	0.047	0.60718057
17SGH03673	NA	1.4	90	105	80	69	2	50	2	0	21.2	0.2	27.76	30.3	0.164	0.76368876
17SGH03727	0.8	0.6	50	119	80	61	2	40	0	0	22.6	0.4	32.12	19.45	0.157	0.70361146
17SGH03737	0.3	0.2	15	147	80	61	2	10	2	0	23.8	0.4	35.14	14.8	0.1475	0.67729084
17SGH03738	0.3	2.25	90	135	90	69	5	5	2	0	24.8	0	33.94	5.35	0.043	0.73070124
17SGH03739	0.5	1.8	100	135	80	71	2	20	0	0	23.8	0.6	32.54	12.65	0.0945	0.7314075
17SGH03758	NA	2.5	100	149	80	75	2	20	0	0	20.6	1.2	28.92	10.05	0.0805	0.71230982
17SGH03766	0	1.55	90	141	70	73	2	40	0	0	27.2	1	31.92	16.55	0.1065	0.85213033
17SGH03771	0.4	1	60	119	90	69	2	30	2	0	23.6	0.6	26.14	9.15	0.0645	0.90283091
17SGH03777	NA	1.2	65	115	70	71	2	40	0	0	23	1	33.5	30.3	0.202	0.68656716
17SGH03778	NA	0.8	60	143	60	61	5	70	5	0	28.4	0.2	28.22	3.1	0.019	1.00637845
17SGH03781	0.2	2.2	100	113	30	65	5	40	2	0	23.2	0.8	28.34	11.3	0.0715	0.81863091
17SGH03791	0	1.473684211	89.47368421	140	40	71	2	30	10	0	26	1	31.84	22.7272727	0.17636364	0.81658291
17SGH03795	0.4	1.8	85	130	70	69	2	30	10	0	24	0.4	33.62	11.95	0.0985	0.7138608
17SGH03820	0.2	2.2	100	141	70	65	0	30	0	0	21.2	1	25.76	11.65	0.074	0.82298137
17SGH03822	0	1.631578947	73.68421053	135	80	71	2	40	0	0	24.6	1.4	28.44	11.6	0.075	0.8649789
17SGH03829	0.1	2.2	95	154	70	73	5	40	2	0	22.4	1	34.52	8.9	0.1105	0.64889919
17SGH03852	0	1.2	60	127	70	71	5	70	0	0	23.25	0.4	31.6	12.55	0.079	0.73575949
17SGH03855	NA	0.8	55	121	80	73	2	5	0	0	19.8	0.4	24.1	26.4	0.174	0.82157676
17SGH03863	0	0.7	50	126	70	65	0	20	0	0	23.6	0.8	26.54	15.3	0.125	0.88922381
17SGH03866	NA	2	100	126	80	71	2	20	0	0	24.4	0.2	30.88	17.35	0.1515	0.79015544
17SGH03869	NA	1.647058824	88.23529412	100	80	65	5	40	5	0	29.8	0.6	33.9	40.8	0.237	0.87905605
17SGH03876	0	1.95	85	133	80	75	2	70	10	0	26.4	0	34.66	18	0.124	0.76168494
17SGH03878	0.2	0.3	25	135	90	71	2	70	2	0	24.4	0.4	28.06	17.95	0.121	0.86956522
17SGH03882	3.8	1	65	130	80	69	2	20	2	0	22.2	1	34.2	7.95	0.0765	0.64912281
17SGH03889	0.1	1.9	95	137	80	75	2	60	2	0	23.8	0.8	29.52	16.55	0.113	0.80623306
17SGH03892	0	1.2	65	124	60	71	5	20	5	0	23.2	1	30.34	20.15	0.129	0.76466711
17SGH03900	0	2.3	100	126	80	73	2	30	2	0	25.6	0.8	28.76	13.9	0.1115	0.89012517
17SGH03908	0.1	1.15	70	140	60	73	5	30	5	0	24.8	0.6	34.34	13.35	0.115	0.72218987
17SGH03910	NA	1.95	95	103	80	77	2	20	2	0	21.2	0.6	34.2	15.5	0.1045	0.61988304
17SGH03912	0	0.736842105	47.36842105	120	90	69	0	20	0	0	23.8	0.6	31.04	14.45	0.1085	0.76675258
17SGH03919	0.2	2	93.33333333	136	50	73	2	30	2	0	25.8	1.2	34.26	18.35	0.134	0.7530648
17SGH03926	0.2	2.235294118	94.11764706	129	60	75	2	60	2	1	24.6	0	31.54	11.5	0.0925	0.77996195
17SGH03931	NA	1.2	75	133	60	73	2	20	2	0	24.4	0.6	30.02	21.35	0.177	0.81279147
17SGH03934	0	0.8	60	120	90	69	2	20	10	0	21.6	0.4	29.78	21.8	0.1825	0.72531901
17SGH03937	0.1	1.5	90	146	70	73	0	40	0	0	24	1	33.34	11.7	0.08	0.71985603
17SGH03941	NA	1.95	100	130	70	73	2	50	5	0	22.6	1	34.86	27	0.209	0.64830752
17SGH03944	0.4	2.6	95	111	90	73	5	40	20	0	24.4	0.8	28.44	17.9	0.0905	0.85794655
17SGH03951	0.1	1.45	80	121	80	75	0	70	0	0	25.6	0.8	27.82	15.5	0.1055	0.92020129
17SGH03955	0	2.95	100	129	40	75	2	50	0	0	21.6	0.8	31.34	18.2	0.117	0.68921506
17SGH03989	0	2.588235294	100	110	80	69	5	40	10	0	19.4	0.8	29.14	10.25	0.075	0.66575154
17SGH03994	1.6	1.15	65	128	80	71	5	30	2	0	19.4	0.4	28.14	11.9	0.0725	0.68941009
17SGH03999	0	1.45	80	127	80	71	0	10	5	0	23.6	0.6	34.74	23.05	0.1695	0.67933218
17SGH04000	0	2.55	100	133	80	75	0	30	0	0	23.6	1	41.48	25.6	0.178	0.56894889
17SGH04008	NA	0.8	55	115	80	71	5	70	5	0	28	1	42.48	28.6	0.2	0.65913371
17SGH04010	0	1.4	80	120	90	73	2	10	2	0	26	1	32.5	17.35	0.1135	0.8
17SGH04016	NA	1.95	95	130	80	75	2	60	5	0	23.6	1	27.3	8.2	0.0665	0.86446886
17SGH04018	0.2	1.4	90	121	90	71	2	10	5	0	23.4	0.6	33.98	11.3	0.0905	0.68864038
17SGH04019	0	1.7	90	112	80	71	0	40	0	0	21.4	0.6	25.78	14.2	0.1015	0.83010085
17SGH04020	0.3	1.75	90	127	80	73	2	40	2	0	23.4	0.8	27.96	12.65	0.0785	0.83690987
17SGH04024	0	1.5	90	130	80	71	2	30	5	0	29.2	0	34.4	13	0.1335	0.84883721
17SGH04025	0	1.95	90	115	90	71	2	20	2	0	24.4	0.6	28.08	25.1	0.17	0.86894587
17SGH04039	0.3	1.533333333	86.66666667	102	80	61	5	50	2	0	23.8	0.8	26.98	15.95	0.097	0.88213491
17SGH04040	NA	2.6	100	129	60	73	10	40	0	0	23.2	1	27.48	12.25	0.0755	0.84425036
17SGH04060	0	1.05	60	126	80	73	2	10	0	0	24	1	29.74	15.1	0.106	0.80699395
17SGH04065	0	0.8	45	123	80	71	2	50	5	0	22.6	1	31.08	14.3	0.1185	0.72715573
17SGH04067	0.1	1.55	80	125	70	75	2	20	0	0	26.8	1	29.88	20.25	0.1325	0.89692102
17SGH04069	0.7	1.75	90	127	70	75	0	50	2	0	23.4	1	32.9	14.5	0.113	0.7112462
17SGH04075	0.2	1.45	75	119	90	69	2	60	0	0	22.6	0.6	24.38	15.5	0.0795	0.92698934
17SGH04079	0	1.25	75	132	80	71	2	20	0	0	23.6	0.8	28.42	16	0.086	0.83040113
17SGH04105	NA	2.9	100	128	80	73	5	50	5	0	23.8	0.4	27.66	9.6	0.074	0.8604483
17SGH04109	0	1.5	75	135	80	73	2	20	2	0	21.2	0.6	27.74	15.75	0.0975	0.76423937
17SGH04110	0	1.85	100	133	80	69	2	70	5	1	24.6	0.4	28.24	6.75	0.0665	0.87110482
17SGH04111	0.1	2.45	100	131	60	73	5	50	5	0	23.2	1	33.6	5.8	0.0555	0.69047619
17SGH04117	0	1.95	90	143	70	73	5	20	10	0	25.2	0	30.54	10.95	0.0765	0.82514735
17SGH04124	0.3	0.789473684	47.36842105	110	60	69	5	40	0	0	21.6	0.4	30.8	2.8	0.02	0.7012987
17SGH04132	0.1	2.45	100	132	70	71	2	30	0	0	23.2	1	33.02	8.45	0.078	0.70260448
17SGH04160	0	0.9	60	132	50	71	5	40	10	0	21.4	1	28.38	7.9	0.0875	0.75405215
17SGH04161	0	0.95	60	131	80	69	2	30	0	0	18.8	0.2	27.06	6.55	0.0495	0.6947524
17SGH02460	NA	NA	NA	NA	NA	NA	NA	NA	NA	NA	NA	NA	NA	NA	NA	NA
17SGH03572	NA	NA	NA	NA	NA	NA	NA	NA	NA	NA	NA	NA	NA	NA	NA	NA
17SGH02542	NA	NA	NA	NA	NA	NA	NA	NA	NA	NA	NA	NA	NA	NA	NA	NA
17SGH00208	NA	NA	NA	NA	NA	NA	NA	NA	NA	NA	NA	NA	NA	NA	NA	NA
17SGH02587	NA	NA	NA	NA	NA	NA	NA	NA	NA	NA	NA	NA	NA	NA	NA	NA
17SGH03521	NA	NA	NA	NA	NA	NA	NA	NA	NA	NA	NA	NA	NA	NA	NA	NA
17SGH03595	NA	NA	NA	NA	NA	NA	NA	NA	NA	NA	NA	NA	NA	NA	NA	NA
17SGH01512	NA	NA	NA	NA	NA	NA	NA	NA	NA	NA	NA	NA	NA	NA	NA	NA
17SGH00279	NA	NA	NA	NA	NA	NA	NA	NA	NA	NA	NA	NA	NA	NA	NA	NA
17SGH01502	NA	NA	NA	NA	NA	NA	NA	NA	NA	NA	NA	NA	NA	NA	NA	NA
17SGH03033	NA	NA	NA	NA	NA	NA	NA	NA	NA	NA	NA	NA	NA	NA	NA	NA
17SGH00356	NA	NA	NA	NA	NA	NA	NA	NA	NA	NA	NA	NA	NA	NA	NA	NA
17SGH00894	NA	NA	NA	NA	NA	NA	NA	NA	NA	NA	NA	NA	NA	NA	NA	NA
17SGH00302	NA	NA	NA	NA	NA	NA	NA	NA	NA	NA	NA	NA	NA	NA	NA	NA
17SGH02869	NA	NA	NA	NA	NA	NA	NA	NA	NA	NA	NA	NA	NA	NA	NA	NA
17SGH04093	NA	NA	NA	NA	NA	NA	NA	NA	NA	NA	NA	NA	NA	NA	NA	NA
17SGH03643	NA	NA	NA	NA	NA	NA	NA	NA	NA	NA	NA	NA	NA	NA	NA	NA
17SGH01449	NA	NA	NA	NA	NA	NA	NA	NA	NA	NA	NA	NA	NA	NA	NA	NA
17SGH00762	NA	NA	NA	NA	NA	NA	NA	NA	NA	NA	NA	NA	NA	NA	NA	NA
17SGH01392	NA	NA	NA	NA	NA	NA	NA	NA	NA	NA	NA	NA	NA	NA	NA	NA
17SGH02758	NA	NA	NA	NA	NA	NA	NA	NA	NA	NA	NA	NA	NA	NA	NA	NA
17SGH03000	NA	NA	NA	NA	NA	NA	NA	NA	NA	NA	NA	NA	NA	NA	NA	NA
17SGH03772	NA	NA	NA	NA	NA	NA	NA	NA	NA	NA	NA	NA	NA	NA	NA	NA
17SGH02081	NA	NA	NA	NA	NA	NA	NA	NA	NA	NA	NA	NA	NA	NA	NA	NA
17SGH02052	NA	NA	NA	NA	NA	NA	NA	NA	NA	NA	NA	NA	NA	NA	NA	NA
17SGH00170	NA	NA	NA	NA	NA	NA	NA	NA	NA	NA	NA	NA	NA	NA	NA	NA
17SGH03232	NA	NA	NA	NA	NA	NA	NA	NA	NA	NA	NA	NA	NA	NA	NA	NA
17SGH03312	NA	NA	NA	NA	NA	NA	NA	NA	NA	NA	NA	NA	NA	NA	NA	NA
17SGH03606	NA	NA	NA	NA	NA	NA	NA	NA	NA	NA	NA	NA	NA	NA	NA	NA
17SGH03264	NA	NA	NA	NA	NA	NA	NA	NA	NA	NA	NA	NA	NA	NA	NA	NA
17SGH01765	NA	NA	NA	NA	NA	NA	NA	NA	NA	NA	NA	NA	NA	NA	NA	NA
17SGH02215	NA	NA	NA	NA	NA	NA	NA	NA	NA	NA	NA	NA	NA	NA	NA	NA
17SGH01281	NA	NA	NA	NA	NA	NA	NA	NA	NA	NA	NA	NA	NA	NA	NA	NA
17SGH00288	NA	NA	NA	NA	NA	NA	NA	NA	NA	NA	NA	NA	NA	NA	NA	NA
17SGH00278	NA	NA	NA	NA	NA	NA	NA	NA	NA	NA	NA	NA	NA	NA	NA	NA
17SGH01299	NA	NA	NA	NA	NA	NA	NA	NA	NA	NA	NA	NA	NA	NA	NA	NA
17SGH01419	NA	NA	NA	NA	NA	NA	NA	NA	NA	NA	NA	NA	NA	NA	NA	NA
17SGH02368	NA	NA	NA	NA	NA	NA	NA	NA	NA	NA	NA	NA	NA	NA	NA	NA
17SGH03101	NA	NA	NA	NA	NA	NA	NA	NA	NA	NA	NA	NA	NA	NA	NA	NA
17SGH01941	NA	NA	NA	NA	NA	NA	NA	NA	NA	NA	NA	NA	NA	NA	NA	NA
17SGH00325	NA	NA	NA	NA	NA	NA	NA	NA	NA	NA	NA	NA	NA	NA	NA	NA
17SGH00911	NA	2.1	95	NA	NA	73	NA	NA	NA	NA	NA	NA	NA	NA	NA	NA
17SGH01797	NA	NA	NA	NA	NA	NA	NA	NA	NA	NA	NA	NA	NA	NA	NA	NA
17SGH01589	NA	NA	NA	NA	NA	NA	NA	NA	NA	NA	NA	NA	NA	NA	NA	NA
17SGH03454	NA	2.25	100	136	80	73	2	20	5	NA	NA	NA	NA	NA	NA	NA
17SGH00562	NA	NA	NA	NA	NA	NA	NA	NA	NA	NA	NA	NA	NA	NA	NA	NA
17SGH01723	NA	NA	NA	NA	NA	NA	NA	NA	NA	NA	NA	NA	NA	NA	NA	NA
17SGH01552	NA	NA	NA	NA	NA	NA	NA	NA	NA	NA	NA	NA	NA	NA	NA	NA
17SGH00951	NA	NA	NA	NA	NA	NA	NA	NA	NA	NA	NA	NA	NA	NA	NA	NA
17SGH02250	NA	NA	NA	NA	NA	NA	NA	NA	NA	NA	NA	NA	NA	NA	NA	NA
17SGH02365	NA	2.8	100	133	50	75	2	30	2	NA	NA	NA	NA	NA	NA	NA
