taxa	FHBDON	FHBD3G	FHBD3G.DON	FHBDISIND	FHBSPKINC	PTHT	STMANG	HDANG	SPKYLD	SPKDEN
17SGH03739	NA	NA	NA	0.75	60	100	70	0	0	0.82976903
17SGH02460	0.3	2.2	7.3	1.157894737	73.6842105	95	80	0	0.00546875	0.86838535
17SGH03791	NA	NA	NA	0.1875	18.75	95	70	0.2	0.00365854	0.65113817
17SGH03572	2.5	1.3	0.5	NA	75	65	80	0	0.0005618	0.72298944
17SGH02542	NA	NA	NA	1.533333333	86.6666667	95	80	0.2	0	0.58602151
17SGH00675	0.6	0	0	0.333333333	23.8095238	85	60	0	0.01734694	0.86496028
17SGH01776	1.1	2	1.8	0.6	50	80	60	0	0.02272727	0.77223089
17SGH03176	0.9	2.5	2.8	0.35	30	105	60	0	0.00892857	0.69565217
17SGH00208	0.2	0.1	0.5	1.214285714	85.7142857	55	50	0	0	0.57256236
17SGH02702	0.4	0.6	1.5	0.1875	18.75	90	60	0	0.0032967	0.68731118
17SGH02287	NA	NA	NA	0.4	30	90	50	0	0.00405405	0.49932524
17SGH03892	NA	NA	NA	0.272727273	27.2727273	75	50	NA	NA	NA
17SGH02741	0.4	3.1	7.8	1.384615385	92.3076923	100	70	0	0.00275229	0.71335079
17SGH02529	NA	NA	NA	NA	50	75	60	0	0.00058824	1.09149278
17SGH00391	0.4	0.3	0.8	0.5	40	85	50	0	0.00648148	0.67331671
17SGH03908	0.5	0.1	0.2	0.666666667	46.6666667	90	60	0	0.00784314	0.68273092
17SGH02466	NA	NA	NA	0.6	45	95	60	0	0.01282051	0.54355401
17SGH02587	NA	NA	NA	NA	NA	NA	NA	NA	NA	NA
17SGH00723	0.2	0	0	0.6	50	80	50	0	0.00204082	0.70605187
17SGH00019	NA	NA	NA	1.4	93.3333333	90	80	0	0	0.82673703
17SGH01561	NA	NA	NA	1.222222222	77.7777778	90	60	0	0.00392157	0.59509918
17SGH03328	0.6	2.2	3.7	NA	83.3333333	80	60	0	0	0.55016181
17SGH02660	NA	NA	NA	0.8	80	65	70	0	0	0.61252581
17SGH01913	0.5	0	0	0.5	38.8888889	95	60	0.2	0.00189394	0.73251942
17SGH04020	0.9	1.4	1.6	1	70	95	70	0	0.01485149	0.6196319
17SGH03771	0.8	0	0	0.45	40	90	60	0.8	0.02153285	0.69755601
17SGH02959	0.5	0.5	1	0.55	45	105	80	0	0.0130597	0.62325581
17SGH03863	0.5	2.5	5	0	0	100	70	0	0.01559633	0.85023401
17SGH03878	0.3	1	3.3	0.25	20	95	70	0	0.02972973	0.76657459
17SGH01082	0.5	0.6	1.2	0.35	25	100	60	0	0.01026786	0.64073227
17SGH02669	0.9	0	0	0.421052632	36.8421053	90	40	0	0.00833333	0.73891626
17SGH01985	0.5	0.6	1.2	0.3125	25	100	80	0	0.01428571	0.7310705
17SGH02731	0.1	0	0	0.444444444	38.8888889	95	80	0	0.00117188	0.83062946
17SGH03605	1.2	1.8	1.5	1.555555556	72.2222222	95	60	0	0	0.63320023
17SGH02459	0.5	0	0	0.55	50	85	60	0	0.00681818	0.6312769
17SGH02352	0.6	0	0	1.533333333	93.3333333	95	80	0	0.00618557	0.72280179
17SGH03243	NA	NA	NA	0.6	46.6666667	85	50	0.2	0.0106383	0.7148289
17SGH04060	1	1.5	1.5	0.6	45	80	60	0	0.00773196	0.74272588
17SGH01613	0.1	2.7	27	0.6	40	105	60	1	0.02079208	0.67020571
17SGH02132	0.4	0	0	0.888888889	72.2222222	100	70	0.2	0.00694444	0.80237741
17SGH02913	NA	NA	NA	NA	100	75	80	0	0	1.14285714
17SGH03521	NA	NA	NA	NA	100	60	40	0	0	0.72489083
17SGH03595	0.5	1.5	3	1.5	85	95	70	0	0.00277778	0.66502463
17SGH01348	0.4	0	0	1.047619048	80.952381	95	60	0.2	0.00901639	0.6048587
17SGH02701	0.1	0	0	0.6	45	95	70	0	0.01818182	0.72511536
17SGH01512	NA	NA	NA	0.25	25	95	80	0	0.00092593	0.8490566
17SGH00352	0.2	0.3	1.5	0.3	25	100	70	0	0.01869159	0.75246132
17SGH03009	0.3	0	0	0.15	15	105	60	0.2	0.01016949	0.50212766
17SGH02889	0.5	0.8	1.6	0.05	5	95	60	0.2	0.01588235	0.6645817
17SGH01126	0.3	0.1	0.3	0.72	56	100	70	0	0.03484848	0.6875
17SGH03852	0.4	0	0	0.05	5	95	40	0	0.01136364	0.70063694
17SGH03284	0.5	0	0	0.4375	43.75	80	70	0	0.00247525	0.77217125
17SGH00633	0.5	0.6	1.2	0.210526316	15.7894737	110	60	0	0.03394495	0.60961969
17SGH02665	0.4	0	0	0.15	15	90	60	0	0.03317308	0.81377152
17SGH03351	0.7	0.8	1.1	1.105263158	73.6842105	105	60	0	0.00934959	0.66235864
17SGH03069	0.2	0.6	3	0	0	110	70	0.4	0.0245283	0.71524966
17SGH02162	0.1	0.1	1	0.25	25	90	80	0	0.00380952	0.78888054
17SGH04065	0.3	1.1	3.7	0.666666667	66.6666667	70	80	0.6	0.00138889	0.69498069
17SGH03519	0.5	1.1	2.2	0.733333333	40	90	60	0	0.00114504	0.89726027
17SGH00060	0.7	0	0	0.117647059	11.7647059	80	70	0	0.01413043	0.69855733
17SGH00279	0.3	1.2	4	0.25	20	95	80	0	0	0.65632458
17SGH01502	NA	NA	NA	0.5	40	95	80	0	0.00113636	0.81860465
17SGH02243	0.7	0	0	0.45	40	85	70	0	0	0.79710145
17SGH03882	NA	NA	NA	0.411764706	35.2941176	95	50	0	0.00510204	0.69111425
17SGH00915	NA	NA	NA	0.066666667	6.6666667	75	70	0	0.00730337	0.72534637
17SGH00377	0.5	0.3	0.6	0.666666667	53.3333333	95	80	0.4	0.0088785	0.68721901
17SGH00157	0.2	0	0	0.3	25	85	60	0.2	0.03818182	0.66465257
17SGH03033	0.1	2.1	21	0.15	10	120	80	0.2	0.00333333	0.63157895
17SGH03435	2.7	1.4	0.5	0.8	66.6666667	105	70	0	0.00431034	0.59855521
17SGH03912	0.2	1.5	7.5	0.35	20	85	70	0.2	0.0107438	0.64705882
17SGH00356	0.5	0.3	0.6	NA	33.3333333	85	70	0	0.01415094	0.76258993
17SGH02360	NA	NA	NA	0.1	10	110	60	0.2	NA	0.74792244
17SGH01120	0.5	0.3	0.6	0.19047619	19.047619	95	70	0	0.01470588	0.60222672
17SGH02945	0.8	0.5	0.6	0.05	5	90	80	0	0.02974138	0.7030303
17SGH02786	0.3	0	0	0.05	5	105	80	0	0.02318182	0.57561486
17SGH03141	0.4	1.1	2.8	0.15	10	100	90	0	0.02585034	0.9339263
17SGH02112	0.4	1	2.5	0.277777778	22.2222222	95	60	0.2	0.02276423	0.5726257
17SGH03566	0.3	1	3.3	0.368421053	31.5789474	75	70	0	0.00233645	0.60554612
17SGH01096	0.1	0	0	0.25	25	100	60	0.6	0.00840708	0.72809278
17SGH03044	NA	NA	NA	1	66.6666667	100	70	0.6	0.00982143	0.71840924
17SGH03671	1.1	0	0	0.35	25	85	30	1.2	0.0203125	0.60075094
17SGH00518	0.1	0	0	1	60	85	70	0.4	0.0052381	0.52870091
17SGH03618	0.3	0.2	0.7	0.05	5	90	70	0	0.00904762	0.74152542
17SGH00894	0.5	1.8	3.6	0.142857143	14.2857143	85	60	0.2	0.01383929	0.65458796
17SGH00599	0.4	0.3	0.8	0.380952381	33.3333333	100	70	0	0.01966292	0.51534453
17SGH02608	0.2	0.3	1.5	0.25	25	85	60	0.4	0.03053097	0.69538462
17SGH01706	0.1	0	0	0.095238095	9.5238095	110	80	0	0.06409091	0.6875
17SGH00226	0	0.3	NA	0.6	55	105	60	1.4	0.02783019	0.62279671
17SGH03820	0.8	0	0	0.2	15	100	60	0.2	0.00841584	0.64951768
17SGH02048	0.1	0	0	NA	26.3157895	120	60	0.6	0.03185841	0.67142008
17SGH04079	0.3	0	0	1	75	75	70	0	0.01185567	0.68261787
17SGH00766	0.2	0	0	0.35	25	90	50	0	0.02459677	0.72429907
17SGH02686	0	0.7	NA	0.4	35	90	60	0.4	0.02007874	0.67053854
17SGH00353	0.4	0	0	0.35	25	75	60	0.2	0.0326087	0.68208778
17SGH01380	0.1	0.1	1	0.4	40	90	80	0	0.03	0.66225166
17SGH00302	0.3	0.2	0.7	0.55	40	80	80	0	0	0.67922374
17SGH03934	0.1	0.3	3	0.315789474	31.5789474	80	80	0	0.01315789	0.70214339
17SGH01235	0.9	1.9	2.1	0.15	15	85	70	0	0.0056	0.78914141
17SGH01004	0.3	2.8	9.3	0.4	35	85	50	0.4	0.02410714	0.76555024
17SGH04018	0.9	2.1	2.3	0.153846154	15.3846154	70	60	0.2	0.00772727	0.73041169
17SGH03829	0.7	0	0	0.85	55	115	60	0.6	0.00255102	0.54656999
17SGH02869	0.2	0.2	1	0.05	5	100	70	0.2	0.00542636	0.8232291
17SGH02888	0.4	1.2	3	0.15	15	90	60	0	0.00670103	0.65852003
17SGH02822	NA	NA	NA	0.466666667	33.3333333	90	60	0.2	0.006875	0.71748879
17SGH04093	NA	NA	NA	NA	NA	NA	70	NA	NA	NA
17SGH02861	1.6	0.3	0.2	1.210526316	73.6842105	105	70	0.4	0.01127451	0.60895522
17SGH02494	0.3	1.1	3.7	0.85	55	110	70	0.2	0.01929825	0.75898802
17SGH02010	0.1	1.3	13	0.45	30	95	70	0.8	0.02477876	0.60170394
17SGH02329	0.1	0.5	5	0.15	15	100	70	0.4	0.02824074	0.79881657
17SGH00309	0.1	0.9	9	0.2	20	100	70	0.6	0.03809524	0.66385669
17SGH03931	0.6	1.7	2.8	0.047619048	4.7619048	95	60	0	0.03666667	0.73589534
17SGH03643	0.8	1.5	1.9	0.611111111	44.4444444	85	60	0	0.00238095	0.6017192
17SGH00166	0.6	1.9	3.2	0.05	5	75	70	0	0.01623932	0.79107505
17SGH01187	0.2	0	0	0.2	20	95	60	0.8	0.02313433	0.63870353
17SGH02814	1.5	1.5	1	1.875	100	105	60	0.6	0.0119403	0.60197664
17SGH00823	0.1	0.3	3	0.2	20	80	80	0.6	0.03419118	0.79765396
17SGH03795	0.3	0.5	1.7	0.3	25	95	40	0.4	0.00720339	0.61747776
17SGH01225	NA	NA	NA	NA	100	70	80	0	0	0.65616798
17SGH03548	1.1	3.4	3.1	1.125	81.25	90	80	0	0.00822785	0.60351413
17SGH02517	0.3	0.5	1.7	1.666666667	93.3333333	105	70	0	0.00583333	0.63931806
17SGH03099	0.2	0.4	2	0.1	10	90	60	0.2	0.03842975	0.62857143
17SGH01442	0.1	1.6	16	0.2	20	85	80	0	0.03240741	0.79881657
17SGH03236	NA	NA	NA	0.15	15	90	80	0	0.014	1.13765643
17SGH02361	0.1	0.6	6	0.1	10	90	60	0.4	0.05421687	0.68369028
17SGH00552	1.3	0.6	0.5	0.1	10	105	70	0.2	0.02007576	0.71661238
17SGH01351	0.8	0.5	0.6	0.2	20	110	70	0.2	0.01984127	0.68590093
17SGH00242	0.1	1	10	1.4	90	115	70	0.4	0.02412281	0.64883324
17SGH03209	0.9	1	1.1	1	58.8235294	110	60	0.8	0.01206897	0.62071918
17SGH01655	0.7	1.2	1.7	0.666666667	46.6666667	75	80	0	0.01929825	0.9375
17SGH03994	1.8	1.1	0.6	0.55	40	105	70	0	0.0462963	0.55441478
17SGH00800	0.2	0.4	2	1.176470588	76.4705882	95	70	0	0.00482456	0.87022901
17SGH03484	0.6	0.6	1	0.25	25	100	50	0.4	0.01008772	0.62193126
17SGH00199	0.6	1	1.7	0.65	50	95	60	0	0.05603448	0.71604938
17SGH03422	0.1	0.5	5	0.166666667	16.6666667	100	70	NA	NA	NA
17SGH03412	0.1	1.3	13	0.2	20	110	80	0	0.01946565	0.59981685
17SGH01769	0	1.2	NA	0.35	25	110	90	0.4	0.01206897	0.66247858
17SGH01449	0.3	0.8	2.7	0.2	20	100	70	0	0.01666667	0.67012987
17SGH00944	0	1.5	NA	1	70	110	80	0.4	0.00743802	0.77763496
17SGH04019	5.3	0	0	0	0	100	70	0	0.00245098	0.75165807
17SGH03139	0.4	0.5	1.3	0.45	40	100	70	0	0.01082474	0.66942719
17SGH01381	0.5	0	0	1.444444444	83.3333333	90	60	0	0.00972222	0.71808511
17SGH04069	0.7	1.1	1.6	0	0	95	70	0	0.06147541	0.85136078
17SGH03380	0.1	0.3	3	0.85	60	110	80	0.4	0.05443548	0.74474474
17SGH02636	0.8	1.3	1.6	1.733333333	100	95	70	0	0.04214876	0.76630779
17SGH01625	0.2	1.6	8	0.727272727	45.4545455	70	70	0	0.00135135	0.64273306
17SGH03889	0.1	0	0	0.1	10	105	80	0.6	0.09221311	0.71095571
17SGH00572	0	0	NA	0.25	25	105	70	0.4	0.04513274	0.76870748
17SGH03602	0.3	0.2	0.7	NA	83.3333333	70	70	0	0	0.53479381
17SGH03737	1.9	2	1.1	0.4	35	105	60	0	0.04386792	0.56866953
17SGH00974	0.3	0.3	1	1	82.3529412	90	70	0	0	0.86921202
17SGH03766	1.3	0.7	0.5	0.111111111	11.1111111	110	70	0	0.00921053	0.64116985
17SGH00959	2.1	2.1	1	0.869565217	52.173913	105	70	0.2	0.00412844	0.69827034
17SGH00607	2	0.7	0.4	0.05	5	95	70	0	0.075	0.84487535
17SGH01969	0.5	0	0	1.2	80	95	60	0	0.02204724	0.65362841
17SGH01943	0.7	1.4	2	0.3	25	95	70	0	0.01782178	0.76631259
17SGH03356	0.2	1.6	8	0.15	15	90	70	0	0.01991525	0.74213836
17SGH00791	0.1	0.7	7	0.117647059	11.7647059	100	70	0	0.0255814	0.80074488
17SGH00253	0.3	1.4	4.7	1.333333333	83.3333333	85	60	0	0.01045455	0.69796954
17SGH02349	1	2.6	2.6	0.35	30	95	60	0	0.0012931	0.66361556
17SGH03673	NA	NA	NA	0.533333333	46.6666667	85	60	0	NA	0.66026411
17SGH00871	0.8	1.5	1.9	1	68.75	90	80	0	0.02346939	0.7096307
17SGH03869	0.1	0.3	3	0.45	40	85	70	0	0.01111111	0.78
17SGH02778	1	0	0	NA	85.7142857	80	70	0	0	0.74534161
17SGH03777	2.9	1.3	0.4	0.4	26.6666667	85	50	0.8	0.01622807	0.602537
17SGH03309	1.5	0.3	0.2	0.2	20	90	80	0	0.00301724	0.82444918
17SGH00092	0.4	0.3	0.8	0.157894737	15.7894737	90	60	0.2	0.01327434	0.51363636
17SGH03941	0.6	0.6	1	0.2	15	100	60	0.2	0.00168067	0.63534437
17SGH03855	0.8	0.8	1	0.166666667	16.6666667	105	70	0	0.03495575	0.67462687
17SGH03625	0.2	0	0	0.35	25	115	70	0	0.09612403	0.71587125
17SGH00928	0.7	0.5	0.7	0.1	10	100	70	0.6	0.00950413	0.80345286
17SGH00709	5.3	0.4	0.1	0.882352941	64.7058824	100	80	0	0.0208	0.77065351
17SGH03034	0.5	1.1	2.2	0.75	56.25	105	70	0	0.00708955	0.66666667
17SGH00762	0.5	0	0	0.142857143	14.2857143	105	80	0.4	0.01754386	0.66901408
17SGH03311	0.1	0.4	4	1.142857143	92.8571429	85	80	0.2	0	0.68725869
17SGH02904	0.8	0.8	1	0.45	35	120	80	0	0.01975806	0.56261343
17SGH03944	0.3	1.7	5.7	0.733333333	33.3333333	80	70	0	0.02719298	0.69090909
17SGH00711	1	0.4	0.4	0.666666667	50	105	80	0	0.0272	0.64499484
17SGH03321	0.7	0.3	0.4	0.105263158	10.5263158	110	80	0	0.00430108	0.58712121
17SGH02630	1.2	1.8	1.5	NA	85.7142857	80	60	0	0.00645161	0.70414537
17SGH03669	1.1	1	0.9	1	64.2857143	90	70	0	0.00782609	0.64461883
17SGH03727	0.9	0.9	1	0.666666667	61.1111111	105	80	0	0.02904762	0.57534247
17SGH00775	NA	NA	NA	0.25	20	95	70	0	0.015	0.75394106
17SGH04025	1	1	1	0.15	15	85	70	0	0.01382114	0.72781065
17SGH00528	0.4	0.1	0.3	0.6	45	100	60	0	0.0110687	0.55065153
17SGH01392	0.6	0.9	1.5	0.2	20	95	60	0	0.00504202	0.67042254
17SGH03174	0.1	1.6	16	0.15	15	95	70	0.6	0.00708333	0.62695925
17SGH01823	NA	NA	NA	1.933333333	93.3333333	90	70	0	0.01170213	0.74960128
17SGH02758	0.8	0.8	1	0.533333333	40	105	70	0.4	0.01353383	0.55004136
17SGH03003	1.3	0.9	0.7	0.2	20	95	70	0	0.03214286	0.76764907
17SGH01976	0	0.3	NA	0.3	25	100	80	0	0.04223301	0.68988614
17SGH03313	0.5	0.8	1.6	0.333333333	33.3333333	90	80	0	0.01160714	0.69093152
17SGH04016	0.3	0.1	0.3	0.8	60	100	60	0	0.01875	0.74712644
17SGH03000	1.2	0.4	0.3	0.470588235	35.2941176	100	80	0	0.00360825	0.81171548
17SGH02992	0.1	0.2	2	0.4	35	105	80	0	0.04041667	0.88691796
17SGH03123	0.2	0.1	0.5	0.1875	18.75	95	60	0	0.02348485	0.71467244
17SGH02057	0	0	NA	0.4	35	95	70	0.2	0.05496183	0.7839617
17SGH02674	0	0	NA	0.277777778	22.2222222	100	90	0	0.03275862	0.71782178
17SGH04105	NA	NA	NA	0.4	30	70	70	0	0.00357143	0.78968574
17SGH03778	1.8	3	1.7	1.333333333	80	105	70	0	0	0.83384054
17SGH00620	0.3	0.1	0.3	0.85	70	85	70	0	0.01902655	0.80141844
17SGH03781	0.2	0.2	1	0	0	70	30	0.2	0.00229358	0.67408782
17SGH02516	0.6	0.3	0.5	1.722222222	94.4444444	90	60	0	0.0135	0.68775791
17SGH02488	0.1	2.4	24	0.777777778	50	105	80	0	0.00772358	0.68868981
17SGH04111	0	0	NA	3.55	100	100	80	0.2	0.01576577	0.71382637
17SGH04160	0.2	0.7	3.5	1.363636364	90.9090909	105	70	0	0.00925926	0.66584464
17SGH04024	0.3	0.6	2	0.866666667	66.6666667	90	60	0.2	0	0.73957866
17SGH04124	0.2	0.2	1	1.1	80	100	60	1	0	0.54910243
17SGH03772	0.3	0.8	2.7	0	0	100	80	0	0.04043478	0.64389698
17SGH01081	0.5	0	0	0.5	30	90	60	0.2	0.01280992	0.64567769
17SGH02081	0.1	0.3	3	0.45	45	85	60	0	0.0015	0.61766523
17SGH02155	0.2	0.8	4	0.19047619	19.047619	100	80	0	0.07019231	0.70222822
17SGH00749	0.9	0.8	0.9	0.2	20	105	80	0.6	0.0302521	0.64744287
17SGH01231	0.9	0	0	1.476190476	90.4761905	100	80	0	0.00535714	0.94979647
17SGH03020	0.7	0	0	0.25	18.75	95	70	0	0.00487805	0.82995951
17SGH03165	0	0.6	NA	0.157894737	15.7894737	100	70	0.2	0.02094017	0.64215148
17SGH00488	0.2	0.3	1.5	0.352941176	29.4117647	100	70	0.2	0.03669355	0.64751958
17SGH00490	0.4	0.3	0.8	0.75	60	90	70	0.6	0.04009434	0.56412986
17SGH01108	0.2	0.3	1.5	0.6	50	115	80	0	0.02818182	0.67032297
17SGH02373	0.8	3.2	4	0.533333333	46.6666667	95	70	0	0.00747664	0.6346382
17SGH03553	1.9	0.9	0.5	1.625	100	115	80	0	0.00504587	0.60022026
17SGH00314	0.1	1.2	12	0.263157895	21.0526316	95	80	0	0.02179487	0.68461088
17SGH03051	0.4	0.1	0.3	1.105263158	63.1578947	100	70	0	0.01062992	0.66283925
17SGH02260	0.5	1.5	3	0.055555556	5.5555556	100	60	0.2	0.02636364	0.57441253
17SGH00335	1.2	1	0.8	0.35	30	110	70	0.2	0.01111111	0.60905778
17SGH02402	0.2	0.4	2	1.4375	87.5	115	70	0.4	0.01824818	0.60565871
17SGH02739	0.5	1.6	3.2	NA	0	85	80	0	0.00518868	0.64752596
17SGH02610	0	1.3	NA	0.388888889	33.3333333	100	70	0	0.00797101	0.66731141
17SGH02052	0.6	0.6	1	0.666666667	44.4444444	85	80	0	8e-04	0.8148631
17SGH02139	NA	NA	NA	NA	33.3333333	NA	90	NA	NA	NA
17SGH01662	0.9	1	1.1	0.4	30	90	70	0	0.0039823	0.6627566
17SGH00676	0.5	0.8	1.6	0.4	30	85	60	0	0.01304348	0.84434655
17SGH01736	0.7	0.9	1.3	1.35	85	95	60	0	0.00983607	0.71891573
17SGH02672	0.3	1.6	5.3	1	70	85	70	0.4	0.05454545	0.68130631
17SGH00170	0.4	0.4	1	0.95	55	80	70	0	0.02063492	0.73383809
17SGH03937	0.2	1.2	6	0.05	5	105	80	0	0.03657407	0.63529412
17SGH00069	0	0.5	NA	0.55	40	90	80	0	0.03348624	0.64382753
17SGH02593	0.6	0.8	1.3	0.647058824	47.0588235	95	80	NA	NA	NA
17SGH00917	0.6	1.9	3.2	0.461538462	23.0769231	90	50	0	0.00042373	0.66254913
17SGH03876	0.3	1.8	6	0.95	55	90	70	0	0.01859504	0.63852243
17SGH01529	5.8	0.3	0.1	1.055555556	77.7777778	95	80	0	0	0.76121795
17SGH04161	0.6	1.7	2.8	0.333333333	33.3333333	110	70	0.2	0.01115702	0.64327485
17SGH03232	1.1	0.5	0.5	0.6875	43.75	90	70	0.2	0.01026786	0.65116279
17SGH03213	0.2	0.2	1	0.368421053	36.8421053	100	70	0.4	0.01801802	0.64534884
17SGH00310	0.1	0.2	2	0.35	25	100	80	0.2	0.02310606	0.69364162
17SGH02971	NA	NA	NA	NA	33.3333333	75	80	0	0.00471698	0.66834805
17SGH04067	0.1	1.1	11	0.5	40	95	70	0.6	0.03387097	0.85730088
17SGH02954	1.1	0.6	0.5	1.176470588	64.7058824	95	80	0	0.01183206	0.65304088
17SGH00344	0.1	1.7	17	0.055555556	5.5555556	105	80	0.4	0.01623932	0.69477435
17SGH03312	0.1	0.9	9	1.5	80	75	70	0	0	0.83119109
17SGH04008	0.1	0.3	3	0.111111111	11.1111111	80	70	0.6	0.02198276	0.67995311
17SGH03606	NA	NA	NA	1.052631579	78.9473684	70	90	0	0	0.91078067
17SGH03657	0.2	0.1	0.5	0.15	15	105	70	0	0.00982143	0.67106052
17SGH02489	0.1	0.9	9	0.7	45	100	70	0	0.0127193	0.77288136
17SGH01867	0.3	0.5	1.7	0.2	20	75	70	0	0.035	0.93632959
17SGH04040	0.2	1.8	9	0.157894737	15.7894737	100	70	0.4	0.02131148	0.73273273
17SGH00413	0.3	0.7	2.3	0.333333333	33.3333333	115	80	0.2	0.01157025	0.69580219
17SGH03366	0.7	0.5	0.7	0.111111111	11.1111111	110	70	0.2	0.01350365	0.58273075
17SGH03738	0.2	1.1	5.5	2	100	90	70	0	0.00084034	0.70289427
17SGH02163	0.1	0.7	7	0.095238095	9.5238095	90	80	0	0.05159574	0.70783133
17SGH03264	0	1	NA	0.05	5	75	70	0	0.02075472	0.70245195
17SGH02895	0	1.1	NA	0	0	105	70	0	0.0795082	0.65240642
17SGH02816	0.5	2.6	5.2	1.142857143	57.1428571	110	80	0	0.01311475	0.67552602
17SGH01765	1.3	0.6	0.5	1.75	100	95	60	0	0	0.87452471
17SGH03177	0.4	0	0	0.133333333	13.3333333	110	70	0.2	0.01521739	0.5761523
17SGH01214	0.3	0.5	1.7	0.35	35	80	80	0	0.01068702	0.78302451
17SGH03415	0.1	0.9	9	0.4	30	100	70	0	0.05186567	0.75535513
17SGH03426	0.7	2.8	4	1.75	100	75	30	0.6	0.00102041	0.70554356
17SGH01232	0.1	0	0	0.05	5	85	60	0	0.02304688	0.67832538
17SGH01211	0.3	0.3	1	0	0	75	60	0.2	0.00840336	0.7460815
17SGH02215	NA	NA	NA	0.571428571	47.6190476	90	70	0	0	0.69058296
17SGH03955	0.1	0.5	5	0.055555556	5.5555556	95	60	0.2	0.01880734	0.59400545
17SGH03999	0.4	0.7	1.8	0.2	20	95	70	0.4	0.0391129	0.67982456
17SGH01281	0.1	1.1	11	0.6	45	90	80	0	0.03471074	0.8013245
17SGH00924	0.3	0.2	0.7	0.777777778	55.5555556	85	80	0	0.00549451	0.64907275
17SGH00544	NA	NA	NA	0.05	5	90	80	0	0.01	0.78125
17SGH02325	NA	NA	NA	0.888888889	72.2222222	80	60	0	0.01022727	0.83729781
17SGH02633	NA	NA	NA	0.842105263	57.8947368	90	70	0	0.00174419	0.80149115
17SGH00899	0.2	0.3	1.5	0.5	35	105	70	0.4	0.00634921	0.6961326
17SGH02967	0.2	1.9	9.5	0.05	5	110	70	0	0.02346154	0.58532193
17SGH02267	0.1	2.5	25	0.1	10	110	70	0.2	0.05934579	0.65927295
17SGH00288	NA	NA	NA	NA	100	50	60	0	0	0.68669528
17SGH02440	0	1.2	NA	0.166666667	16.6666667	100	80	0	0.00818966	0.6029106
17SGH00278	NA	NA	NA	NA	100	60	90	0.5	0	0.71274298
17SGH03511	0.5	1.6	3.2	0.8	55	75	50	0.2	0.01666667	0.60606061
17SGH02044	0.1	1.7	17	0.4	30	110	80	0	0.01463415	0.7400722
17SGH03498	0.3	0.9	3	0.8	46.6666667	75	70	0	0.01218487	0.74004975
17SGH01741	3.7	1.9	0.5	0.4	30	115	60	0.4	0.05394737	0.63545151
17SGH01277	0.1	1.5	15	0.15	15	90	70	0	0.01778846	0.72022161
17SGH01436	0.3	0.7	2.3	0.1	10	100	70	0	0.07384615	0.67114094
17SGH01160	0.3	0	0	0.5	35	75	60	0	0.02045455	0.59459459
17SGH03310	0.3	0.2	0.7	1.176470588	82.3529412	100	70	0.2	0.00773196	0.60248447
17SGH03594	0.3	1.6	5.3	0.5	50	65	60	0.2	0.00533981	0.58857143
17SGH04110	0.2	0.5	2.5	0.45	45	95	70	0	0.0202381	0.68552775
17SGH01829	0.5	2.3	4.6	0.733333333	53.3333333	90	80	0	0.00360825	0.73820396
17SGH03097	0.2	1.3	6.5	0.65	45	90	70	0.4	0.03416667	0.74534161
17SGH03910	0	1.1	NA	0.05	5	80	70	0.6	0.03333333	0.64191315
17SGH00217	0.1	0.7	7	0.529411765	35.2941176	80	70	0.2	0.01322314	0.55683387
17SGH02293	0.7	1.2	1.7	1.15	75	110	80	0	0.01190476	0.65968586
17SGH01813	0.2	1	5	1.117647059	64.7058824	85	60	0	0.01468254	0.71917808
17SGH01737	0.3	0.2	0.7	0.65	50	120	70	0.4	0.025	0.57791538
17SGH01299	0.3	0.7	2.3	0.15	15	90	80	0	0.01415929	0.82062455
17SGH01017	0.5	1.5	3	0	0	100	80	0	0.03791667	0.79681275
17SGH01799	0.2	0	0	0.35	30	100	70	0.6	0.00982906	0.67630058
17SGH00108	1.4	0	0	NA	83.3333333	95	60	0.2	0	0.49521666
17SGH03758	3.7	0	0	0.2	20	100	70	0.6	0.01464646	0.56474615
17SGH01432	0.1	1.3	13	0.368421053	31.5789474	90	70	0	0.03181818	0.61734694
17SGH02226	1.2	0	0	1.111111111	72.2222222	90	70	0	0	0.58118634
17SGH00646	0.5	0.5	1	0.2	20	95	70	0.2	0.01296296	0.60982496
17SGH01419	0.3	0	0	0.444444444	33.3333333	85	80	0	0.00952381	0.85644372
17SGH00267	0.3	0.4	1.3	0.15	15	110	80	0.2	0.00921053	0.71518193
17SGH02949	0.2	1	5	1	65	90	70	0	0.0109589	0.83763626
17SGH02335	0.3	1.2	4	0.3	30	105	80	0	0.03676471	0.62769231
17SGH02154	0.1	0.1	1	0.2	15	115	60	0	0.01184211	0.84257206
17SGH03989	0.6	2.7	4.5	1.15	80	105	50	0	0.00327869	0.52768166
17SGH00774	0.3	0.6	2	0.4	35	100	70	0.2	0.02478632	0.63209076
17SGH03248	0	0.8	NA	0.2	15	100	70	0.2	0.02427184	0.70020394
17SGH02272	1.3	2.8	2.2	0.722222222	50	70	60	0	0.00411765	0.63432836
17SGH03866	0.6	0.9	1.5	0.25	20	100	70	0.2	0.01181102	0.75550268
17SGH02368	0.3	0.3	1	0.15	15	85	80	0	0.02383178	0.56553911
17SGH03101	1.9	2	1.1	0.882352941	58.8235294	110	80	0	0.00123967	0.61234818
17SGH01774	0	0.5	NA	0.55	50	90	70	0.2	0.02657658	0.69331668
17SGH00161	1	0.8	0.8	0.7	50	100	70	0	0.0214876	0.60560561
17SGH00059	0.2	1.2	6	0.5	33.3333333	95	70	0	0.0120155	0.59283088
17SGH01941	NA	NA	NA	NA	NA	NA	NA	NA	NA	NA
17SGH01796	0	0.9	NA	0.421052632	36.8421053	100	60	0.4	0.02280702	0.57604851
17SGH01802	1.6	0.9	0.6	0.3	25	95	60	0.2	0.01914894	0.68264343
17SGH02637	0.2	0.6	3	0.55	40	105	70	0	0.0140625	0.78431373
17SGH00325	0.2	0.3	1.5	0.210526316	21.0526316	100	80	0.2	0.04690265	0.78745645
17SGH04075	2.7	0	0	0.3	20	90	80	0.4	0.01313559	0.92767296
17SGH01260	NA	NA	NA	NA	NA	NA	NA	NA	NA	NA
17SGH00228	1	0.4	0.4	0.19047619	19.047619	110	70	0.4	0.02068966	0.76165463
17SGH00671	0.5	1.1	2.2	0.2	20	90	80	0	NA	0.77807848
17SGH03128	0.2	0.2	1	0.05	5	105	70	0.2	0.04145299	0.79483696
17SGH00560	1.3	0.3	0.2	0.4	40	95	70	0	0.04863636	0.70108349
17SGH04039	0.8	0.3	0.4	0.35	30	95	70	1	0.02099237	0.83174603
17SGH00911	0.5	0.8	1.6	0.25	25	100	60	0	0.01762295	0.79478827
17SGH02009	0.2	1	5	0.95	65	100	70	0	0.00849057	0.622431
17SGH01822	1.5	2.9	1.9	0.85	60	90	70	0	0.01104651	0.55234425
17SGH00091	0.5	0	0	1.9	100	115	60	0	0.00376344	0.42407661
17SGH01167	0.1	0	0	0.75	55	105	70	0.6	0.03428571	0.72501295
17SGH01797	NA	NA	NA	NA	100	NA	60	0	0	0.83526682
17SGH02035	0.3	0	0	0.15	15	110	80	0.4	0.03455285	0.68068622
17SGH03951	0.3	0	0	0	0	90	80	0.4	0.01937984	0.73005093
17SGH01589	1	1	1	1.5	90	80	80	0	0.00154639	0.68551237
17SGH01903	0.2	0	0	0.25	20	90	70	1	0.01309524	0.61734444
17SGH02322	NA	NA	NA	0.05	5	90	70	0	0.01573034	0.81876725
17SGH03261	0.5	0	0	0.1	10	75	60	0.2	0.01956522	0.74772432
17SGH01043	0.4	0	0	0	0	95	70	0	0.00961538	0.72172103
17SGH00281	0.3	0	0	0.9	60	70	70	0	0.00792079	0.79277865
17SGH03454	0.1	0.3	3	0.15	15	95	70	0	0.01893204	0.64174455
17SGH00562	NA	NA	NA	1.473684211	100	75	80	0	0	0.87368421
17SGH03471	0	0.3	NA	0.15	15	100	80	0	0.01186441	0.77580539
17SGH03926	0.1	0.4	4	0.058823529	5.8823529	95	80	0	0.02169811	0.6625
17SGH01804	0.1	0.3	3	0	0	100	70	0	0.00674157	0.61891516
17SGH02017	NA	NA	NA	0.05	5	90	70	0	0.01237113	0.64068692
17SGH01045	NA	NA	NA	0.1	10	100	60	0	0.00565217	0.7733692
17SGH03919	0.1	0	0	0.45	35	120	80	0.4	0.01515152	0.66066066
17SGH02117	0.2	0.7	3.5	1.8	100	80	60	0	0	0.71527778
17SGH01723	NA	NA	NA	1.444444444	81.4814815	85	70	0	0.00909091	0.63805104
17SGH01416	0.3	0.2	0.7	0.5	50	100	60	0.2	0.01068376	0.56934307
17SGH01188	0.5	0.3	0.6	0.090909091	9.0909091	80	70	0	0.00742188	0.63272368
17SGH01753	0	1.4	NA	0	0	115	70	0.6	0.03293651	0.6866485
17SGH03058	1.1	0.5	0.5	0.4375	43.75	105	60	0	0.02058824	0.66373841
17SGH01461	0	1.7	NA	0.157894737	10.5263158	100	70	0.2	0.00636364	0.62929062
17SGH00079	0	0.4	NA	0.15	10	110	80	0	0.00629371	0.66916238
17SGH01965	0.3	0.7	2.3	0.266666667	26.6666667	105	80	0	0.02058824	0.82374319
17SGH01981	0.7	1.8	2.6	0.210526316	15.7894737	95	80	0	0.00981308	0.67678684
17SGH01305	0.3	1	3.3	0.466666667	33.3333333	95	70	0	0	0.54950045
17SGH01552	0.4	1	2.5	0.315789474	26.3157895	80	80	0	0.00654206	0.69210867
17SGH04000	0.8	0.1	0.1	0.133333333	6.6666667	95	70	0	0.04529915	0.60716139
17SGH02263	NA	NA	NA	1.058823529	70.5882353	105	80	0.8	0.01904762	0.67487949
17SGH00357	0.7	0.3	0.4	NA	20	90	50	0.5	0	0.5339196
17SGH00951	0	1	NA	0.15	15	95	70	0	0.00702479	0.88
17SGH02859	0.4	1	2.5	0.5	35.7142857	100	60	0.2	0.00565217	0.74002574
17SGH03080	0.2	0.6	3	0.125	12.5	100	80	0	0.0145	0.71942446
17SGH00591	0.5	0.5	1	1.3125	81.25	75	NA	0	0.01347826	0.74675325
17SGH02250	0.2	0.4	2	0.85	70	90	70	0	0.00159574	0.734375
17SGH01297	0.1	1.2	12	0.357142857	35.7142857	85	70	0	0	0.74546676
17SGH02179	2.3	0.7	0.3	0.6	60	75	60	0.4	0.01069364	0.89037571
17SGH01676	1.2	1.5	1.3	0.875	56.25	105	70	0.4	0.00650407	0.65740246
17SGH01785	0.1	0.7	7	0.9	60	105	80	0.2	0.00401786	0.73202614
17SGH00304	0.1	0	0	0.8	50	100	70	0	0.00275229	0.65781533
17SGH02808	0.3	0.6	2	1.473684211	84.2105263	85	60	0	0.00395683	0.90377113
17SGH02390	0.5	0.5	1	0.95	60	100	80	0	0.00138889	0.67080745
17SGH01509	0.2	0.6	3	0.3	30	100	70	0	0.02051282	0.66895369
17SGH00698	0	0.4	NA	0.45	40	95	60	0	0.00555556	0.64039409
17SGH02073	NA	NA	NA	0.111111111	11.1111111	125	80	NA	NA	NA
17SGH03246	0.4	0.3	0.8	0.65	65	105	80	0.6	0.02379032	0.70938215
17SGH01371	0.1	1	10	0.941176471	64.7058824	90	70	0	0.00982143	0.75983718
17SGH02211	0	0.7	NA	0.352941176	29.4117647	90	70	0	0.01293103	0.77384923
17SGH03307	0.4	1.2	3	1.066666667	73.3333333	95	50	0	0.00217391	0.54322154
17SGH04109	0.4	1	2.5	0.8	50	90	70	0.6	0.01309524	0.65934066
17SGH02365	0.5	0	0	0.722222222	61.1111111	100	70	0	0.01973684	0.72983355
17SGH02049	0.6	0.5	0.8	0.6	45	90	70	0	0.01445313	0.67976633
17SGH02912	0	0.3	NA	0.666666667	42.8571429	95	60	0	0.00530973	0.54041129
17SGH04117	0.2	2.4	12	0	0	105	70	0	0.02886179	0.61102832
17SGH03317	0.1	0.3	3	0.764705882	52.9411765	85	80	0	0.00677966	0.71776156
17SGH03900	0.1	0.6	6	0.15	15	90	70	0	0.01692308	0.75014426
17SGH01315	NA	NA	NA	0.4	35	90	70	0	NA	0.79610538
17SGH01744	0.1	1.4	14	0.052631579	5.2631579	90	60	0.2	0.01267606	0.81328751
17SGH00415	0.7	0.9	1.3	0.714285714	52.3809524	65	50	0	0.00462963	0.88597211
17SGH02951	0.3	0.9	3	0.947368421	73.6842105	100	70	0	0	0.66205534
17SGH02119	0.2	0.1	0.5	0.4	33.3333333	75	70	0	0.00195313	0.68339562
17SGH00807	0.3	0.3	1	0.9	65	90	70	0	0.00769231	0.62457104
17SGH01330	0.1	1.3	13	1.631578947	94.7368421	100	70	0	0	0.47619048
17SGH01937	0.1	1.4	14	0.608695652	47.826087	100	70	0.2	0.00294118	0.59310946
17SGH00098	NA	NA	NA	NA	100	70	80	0	0	0.5974026
17SGH01820	0.6	0.1	0.2	0.25	25	105	70	0	0.009375	0.58212058
17SGH00195	0.3	1.5	5	1.176470588	70.5882353	90	60	0.2	0.00044248	0.63234471
17SGH02988	0	0	NA	0.428571429	28.5714286	110	70	0.8	0.00703125	0.7326846
17SGH01482	0.2	0.3	1.5	1.35	70	75	50	0	0.00106383	0.72141213
17SGH00022	0.1	0.3	3	0.4	35	100	80	0	0.0152381	0.752149
17SGH00841	NA	NA	NA	0.75	65	90	70	0	0.00107527	0.82082966
17SGH00117	0.5	0	0	0.8	65	110	70	0	0.01323529	0.50147493
17SGH04010	0.5	1.1	2.2	1.294117647	70.5882353	95	80	0.4	0.00406504	0.64736842
17SGH01441	0.3	1.1	3.7	0.857142857	61.9047619	100	80	0	0.00728155	0.63935444
17SGH02928	0.2	0.2	1	0.9	70	95	80	0	0	0.6853353
17SGH01376	0.1	0.6	6	1.8125	93.75	100	60	0	0	0.68471338
17SGH03822	0.7	0.2	0.3	1.15	65	95	60	0	0.0004717	0.75768406
17SGH02617	0.1	0.1	1	1.6	95	100	60	0	0.00221239	0.74834437
17SGH00605	0.5	0.2	0.4	1.666666667	100	120	70	0	0.00950413	0.54430949
17SGH01762	1.4	0.3	0.2	0	0	100	70	1	0.01153846	0.6337599
17SGH03126	0.3	0.6	2	0.263157895	26.3157895	110	70	0	0.00727273	0.66225166
17SGH02169	0.5	0.2	0.4	0.1	10	105	70	0.4	0.00496183	0.66161616
17SGH01158	0.3	1.3	4.3	0.6	46.6666667	80	70	0	0.00204082	0.72485207
17SGH02995	0.3	2.3	7.7	1.052631579	63.1578947	100	70	0.2	0.00944882	0.69361005
17SGH03274	0.2	0.4	2	1.1	80	85	70	0	0.00631579	0.84670232
17SGH04132	0.4	0.6	1.5	1.277777778	88.8888889	100	70	0	0	0.60791969
