taxa	FHBDON	FHBD3G	FHBD3G.DON	FHBDISIND	FHBSPKINC	PTHT	ZDK	GLBLSEV	BLSSEV	HSATIVLSEV	HDANG	SPKYLD	SPKDEN
17SGH03739	0.7	0.1	0.1	0.45	40	151	71	2	2	2	0.1788	0.1075105996	0.2751666667
17SGH02460	1.6	0.1	0.1	1.904761905	95.2380952	140	71	2	70	0	0.1799047619	0.085440613	0.435
17SGH03791	0.4	0.1	0.3	0.85	60	143	73	2	10	20	0.1912	0.1330218069	0.2675
17SGH03572	6.8	0.1	0	0.952380952	52.3809524	120	69	10	20	2	0.173047619	0.1506849315	0.38325
17SGH02542	8.5	0.8	0.1	0.318181818	22.7272727	125	69	5	40	2	0.1744545455	0.0513234345	0.38725
17SGH00675	0.4	0.1	0.3	0.238095238	19.047619	143	73	5	2	10	0.1823809524	0.1559139785	0.1727142857
17SGH01776	0.8	0.1	0.1	0.523809524	42.8571429	146	73	2	30	10	0.1868571429	0.1654411765	0.2992
17SGH03176	2.6	0.1	0	1.2	75	150	73	5	20	5	0.1775	0.1533292608	0.3274
17SGH00208	3.1	0.1	0	0.619047619	38.0952381	100	69	2	10	5	0.1807619048	0.1363636364	0.8305
17SGH02702	2	0.1	0.1	1.571428571	100	145	73	2	10	2	0.172	0.0864505403	0.2005
17SGH02287	0.5	0.1	0.2	0.4	35	140	75	5	2	5	0.1627	0.1026812919	0.41025
17SGH03892	1.8	0.1	0.1	0.15	15	120	73	5	80	2	0.1523	0.1280141844	0.282
17SGH02741	4.2	0.2	0	0.523809524	38.0952381	142	75	2	40	10	0.1807619048	0.1082629674	0.2368571429
17SGH02529	3.9	0.5	0.1	1.6	85	118	71	5	60	10	0.2017	0.0689987163	0.2596666667
17SGH00391	3.3	0.1	0	0.714285714	52.3809524	139	73	10	40	2	0.191047619	0.2100532623	0.2145714286
17SGH03908	0.7	0.1	0.1	0.136363636	13.6363636	152	71	5	2	5	0.1862727273	0.1717963067	0.44675
17SGH02466	0.7	0.1	0.1	0.363636364	27.2727273	151	71	10	5	2	0.1565454545	0.0905621096	0.2882
17SGH02587	NA	NA	NA	NA	NA	NA	NA	NA	NA	NA	NA	NA	NA
17SGH00723	1.4	0.1	0.1	0.727272727	59.0909091	140	71	5	5	10	0.1891818182	0.1174461377	0.3806
17SGH00019	8	1.6	0.2	0.227272727	13.6363636	133	71	30	60	20	0.1902727273	0.0884210526	0.2375
17SGH01561	2	0.1	0.1	1.80952381	76.1904762	144	71	2	20	5	0.1955238095	0.1123595506	0.2818333333
17SGH03328	4.6	0.2	0	0.714285714	52.3809524	132	69	2	2	2	0.163047619	0.0685023506	0.1654444444
17SGH02660	0.5	0.1	0.2	1.666666667	90.4761905	130	73	2	40	5	0.1818095238	0.1545166403	0.631
17SGH01913	3.3	1	0.3	0.333333333	28.5714286	144	75	10	20	40	0.1325714286	0.0400579151	NA
17SGH04020	0.8	0.1	0.1	0.05	5	143	73	5	40	2	0.1221	0.1215443279	NA
17SGH03771	1.1	0.1	0.1	0.19047619	19.047619	146	71	2	10	5	0.2023809524	0.1186981493	0.5223333333
17SGH02959	0.8	0.1	0.1	0.35	30	154	73	2	10	10	0.2246	0.1055818852	0.47475
17SGH03863	4.9	0.7	0.1	0.428571429	33.3333333	135	73	2	60	5	0.1486666667	0.151940545	0.30275
17SGH03878	0.6	0.5	0.8	0.272727273	27.2727273	155	73	2	40	10	0.2225454545	0.149428934	0.394
17SGH01082	0.5	0.1	0.2	0.2	20	148	73	2	20	5	0.1684	0.106557377	0.3355
17SGH02669	5.1	0.4	0.1	1.380952381	76.1904762	156	69	2	20	5	0.1995238095	0.0635858235	NA
17SGH01985	6	1.5	0.3	0.142857143	9.5238095	145	71	5	2	2	0.1881904762	0.1566080978	0.2618
17SGH02731	1.7	0.1	0.1	0.142857143	14.2857143	152	69	10	5	5	0.1942857143	0.0852921424	0.4963333333
17SGH03605	2	0.3	0.2	0.65	45	150	71	20	30	20	0.1809	0.0886172651	0.32725
17SGH02459	0.8	0.1	0.1	0.19047619	19.047619	150	73	10	40	5	0.1823809524	0.1534612177	0.3996666667
17SGH02352	3.6	0.1	0	0.9	60	160	75	5	5	5	0.1692	0.1203448276	0.29
17SGH03243	2.6	0.1	0	1.19047619	66.6666667	135	73	10	0	10	0.1693333333	0.1094287681	0.2906
17SGH04060	5.7	1.2	0.2	1.428571429	80.952381	148	73	5	30	2	0.2076190476	0.0947775629	0.3102
17SGH01613	3.4	0.1	0	1.19047619	76.1904762	142	75	2	30	0	0.2055238095	0.1132737715	0.1567
17SGH02132	0.7	0.1	0.1	1.142857143	76.1904762	140	73	5	5	5	0.2075238095	0.1161581137	0.2884
17SGH02913	4.2	0.1	0	1.3125	81.25	126	69	5	30	2	0.207625	0.1044117647	0.34
17SGH03521	2.7	0.1	0	1.095238095	66.6666667	108	61	10	10	2	0.1753333333	0.0265306122	0.8575
17SGH03595	9.7	0.7	0.1	1.65	85	133	73	2	20	5	0.2097	0.1077075099	0.3036
17SGH01348	0.5	0.1	0.2	0.19047619	19.047619	144	73	5	20	10	0.1983809524	0.1290898275	0.210125
17SGH02701	0.2	0.1	0.5	0.3	30	142	73	2	10	20	0.2046	0.1605536332	0.36125
17SGH01512	1.4	0.1	0.1	0.238095238	23.8095238	130	71	2	5	5	0.1344761905	0.0776173285	0.554
17SGH00352	5.3	0.3	0.1	1.15	65	150	73	5	5	10	0.1973	0.0935653316	0.3046
17SGH03009	2.9	0.2	0.1	0.4	30	168	73	5	0	2	0.1926	0.0880681818	0.44
17SGH02889	6.4	0.4	0.1	1	55	146	73	2	10	2	0.1731	0.1321049344	0.200125
17SGH01126	11.5	1.2	0.1	1.047619048	71.4285714	151	71	2	20	2	0.1734285714	0.1275773196	0.194
17SGH03852	2.7	0.2	0.1	0.333333333	19.047619	150	73	2	2	2	0.1803809524	0.1295283664	0.7315
17SGH03284	14.2	2.6	0.2	1.761904762	100	138	75	2	10	10	0.19	0.0870722433	0.6575
17SGH00633	6.4	1.1	0.2	0.65	50	144	73	2	40	0	0.177	0.1025443331	0.6485
17SGH02665	1.3	1	0.8	1.761904762	90.4761905	149	71	0	2	5	0.2218095238	0.1169491525	0.2458333333
17SGH03351	0.9	0.1	0.1	0.857142857	47.6190476	155	71	5	10	0	0.130952381	0.11	NA
17SGH03069	4.2	0.4	0.1	0.952380952	61.9047619	130	71	5	30	10	0.1892380952	0.1097560976	0.2706
17SGH02162	2.8	1	0.4	1.523809524	80.952381	159	73	10	60	2	0.1836190476	0.1074576271	1.475
17SGH04065	5.7	1.2	0.2	0.619047619	42.8571429	150	71	2	80	10	0.1828571429	0.1021126761	0.426
17SGH03519	3.3	1.2	0.4	1.409090909	72.7272727	152	71	2	2	10	0.2294545455	0.1394648829	0.299
17SGH00060	13.9	1.4	0.1	1.047619048	61.9047619	140	71	5	10	10	0.1812380952	0.105562579	0.5273333333
17SGH00279	1	0.8	0.8	0.1	10	165	71	0	5	5	0.1842	0.0881987578	0.2683333333
17SGH01502	5.1	0.4	0.1	0.409090909	36.3636364	139	73	0	2	2	0.1547272727	0.152049571	NA
17SGH02243	2.7	0.3	0.1	0.409090909	31.8181818	145	71	2	10	0	0.1786363636	0.1154144074	NA
17SGH03882	1.2	0.4	0.3	0.476190476	38.0952381	143	71	2	0	2	0.1767619048	0.1241830065	0.255
17SGH00915	1.4	0.1	0.1	0.761904762	57.1428571	124	69	0	5	5	0.1471428571	0.0936708861	1.185
17SGH00377	1	0.6	0.6	0.363636364	27.2727273	156	73	2	5	5	0.1805454545	0.1078984485	0.2025714286
17SGH00157	2.4	0.5	0.2	0.95	70	135	73	0	30	10	0.1774	0.0985324948	0.2862
17SGH03033	2.3	0.1	0	0.636363636	45.4545455	109	69	0	5	10	0.1749090909	0.0840625	0.5333333333
17SGH03435	0.9	0.1	0.1	0.2	15	166	65	0	0	5	0.1843	0.1040181465	0.5143333333
17SGH03912	1	0.1	0.1	1.238095238	76.1904762	139	71	5	40	30	0.1955238095	0.0837887067	0.3294
17SGH00356	10.2	1.8	0.2	0.904761905	66.6666667	119	71	5	30	30	0.1653333333	0.0721301412	0.543
17SGH02360	0.9	0.3	0.3	0.7	45	147	71	2	0	5	0.1669	0.1222871452	0.3993333333
17SGH01120	2.2	0.1	0	0.333333333	33.3333333	153	73	5	10	5	0.2226666667	0.0841121495	0.3424
17SGH02945	2.6	0.6	0.2	1.6	80	154	73	0	5	5	0.2016	0.107211848	0.38825
17SGH02786	2.3	0.1	0	0.428571429	38.0952381	148	71	2	2	5	0.2127619048	0.1090163934	0.61
17SGH03141	3.6	0.1	0	0.571428571	47.6190476	122	73	2	20	30	0.206952381	0.1692789969	0.2552
17SGH02112	3.1	0.3	0.1	1.19047619	57.1428571	159	71	5	30	5	0.1891428571	0.0730724971	0.21725
17SGH03566	30	4.8	0.2	2.2	95	125	69	2	30	2	0.1899	0.0429309232	1.549
17SGH01096	1.5	1.2	0.8	1.523809524	76.1904762	150	71	2	10	20	0.2315238095	0.0610328638	0.2434285714
17SGH03044	5.7	1.6	0.3	1.19047619	85.7142857	136	73	0	10	5	0.2037142857	0.1232786885	0.2178571429
17SGH03671	0.8	0.1	0.1	2.8	100	137	73	5	70	10	0.168	0.0597728631	0.3346
17SGH00518	0.7	0.1	0.1	0.80952381	61.9047619	145	71	2	2	10	0.1952380952	0.0699361579	0.3446
17SGH03618	0.4	0.1	0.3	0.363636364	36.3636364	140	71	2	20	20	0.1787272727	0.1216312057	0.3525
17SGH00894	1.2	0.1	0.1	1.857142857	90.4761905	138	71	2	20	10	0.1678095238	0.1207236842	1.52
17SGH00599	1	0.5	0.5	0.65	45	156	71	2	10	5	0.1649	0.0827228327	0.4095
17SGH02608	3.5	0.1	0	0.652173913	56.5217391	160	73	5	5	2	0.1971304348	0.1110763454	0.3196
17SGH01706	1.1	0.1	0.1	1.55	80	156	73	2	10	10	0.1936	0.1048901488	0.4703333333
17SGH00226	4.6	0.1	0	1.25	65	162	73	0	2	10	0.1853	0.108	0.375
17SGH03820	16.8	2.8	0.2	1.6	80	165	73	0	2	10	0.1536	0.0865800866	0.231
17SGH02048	1.3	0.6	0.5	0.45	35	147	73	2	30	5	0.1747	0.1093260188	NA
17SGH04079	2.2	0.4	0.2	1.285714286	66.6666667	150	73	2	2	2	0.1753333333	0.1051851852	0.225
17SGH00766	2.1	0.1	0	1.19047619	66.6666667	138	71	2	0	10	0.1933333333	0.1122599705	0.3385
17SGH02686	2.6	0.7	0.3	1.15	70	146	71	2	10	40	0.2274	0.110953462	0.1957777778
17SGH00353	7.7	0.6	0.1	2.95	100	148	73	2	30	50	0.186	0.0857795173	0.38325
17SGH01380	2.2	0.1	0	0.454545455	45.4545455	155	73	5	10	10	0.1829090909	0.1754512635	0.277
17SGH00302	2.2	0.6	0.3	0.19047619	19.047619	126	69	2	2	5	0.1783809524	0.0419393218	0.42025
17SGH03934	0.4	0.1	0.3	0.65	40	137	71	5	10	20	0.1528	0.1492424242	NA
17SGH01235	3.8	0.7	0.2	3.047619048	100	139	71	2	2	5	0.23	0.1132674665	0.35425
17SGH01004	3	0.1	0	1.05	75	135	73	10	5	5	0.2015	0.1316498316	0.37125
17SGH04018	0.4	0.2	0.5	0.571428571	52.3809524	140	73	2	5	10	0.189047619	0.1158173395	0.37775
17SGH03829	3.5	0.3	0.1	1.7	95	178	69	10	0	5	0.1619	0.0825396825	1.575
17SGH02869	0.8	0.3	0.4	0.35	35	119	71	2	2	2	0.1887	0.1207307387	0.2098333333
17SGH02888	1.1	0.4	0.4	0.619047619	47.6190476	140	73	5	20	5	0.174952381	0.1078643579	1.386
17SGH02822	0.6	0.1	0.2	1.260869565	60.8695652	139	71	2	2	2	0.1872173913	0.1044520548	0.2433333333
17SGH04093	NA	NA	NA	NA	NA	NA	NA	NA	NA	NA	NA	NA	NA
17SGH02861	1.8	0.1	0.1	0.25	20	138	73	2	2	5	0.1664	0.1032967033	0.11375
17SGH02494	0.6	0.1	0.2	0.05	5	165	69	2	5	5	0.1901	0.0984743412	1.442
17SGH02010	3.8	0.2	0.1	1.4	80	130	73	2	30	10	0.1696	0.1101928375	0.242
17SGH02329	0.8	0.1	0.1	0.8	65	146	73	2	10	5	0.1653	0.1315338475	0.2334
17SGH00309	1.2	0.4	0.3	0.714285714	42.8571429	145	73	10	50	5	0.1668571429	0.100464191	0.3016
17SGH03931	2	0.5	0.3	0.5	40	149	73	2	5	10	0.1988	0.146374829	0.3655
17SGH03643	8.2	1.2	0.1	1.55	75	114	69	NA	20	20	0.1515	0.0588235294	0.4476666667
17SGH00166	2.7	0.1	0	1.428571429	85.7142857	150	75	2	20	20	0.2097142857	0.1620631342	0.2534285714
17SGH01187	6.9	0.2	0	1.35	70	149	73	2	30	2	0.1974	0.0918657565	0.586
17SGH02814	3.3	0.6	0.2	0.954545455	54.5454545	156	73	2	10	10	0.2190909091	0.1003882418	0.3606
17SGH00823	1	0.1	0.1	0.35	25	130	75	5	20	10	0.1825	0.0656357388	0.7275
17SGH03795	9.5	1.4	0.1	1.8	95	138	75	5	50	20	0.1899	0.0717837166	1.609
17SGH01225	10.8	0.6	0.1	0.590909091	40.9090909	125	71	20	40	20	0.1748181818	0.0625854993	NA
17SGH03548	8.8	0.7	0.1	1.238095238	80.952381	135	69	10	5	30	0.1736190476	0.0735384615	NA
17SGH02517	0.9	0.1	0.1	1.80952381	71.4285714	147	71	5	5	20	0.1774285714	0.0681818182	0.737
17SGH03099	5.3	1	0.2	0.5	45	143	73	2	5	10	0.1829	0.1171393342	0.5406666667
17SGH01442	0.7	0.4	0.6	1.428571429	80.952381	134	71	5	5	2	0.1976190476	0.1638935108	0.4006666667
17SGH03236	0.9	0.3	0.3	0.714285714	57.1428571	127	73	2	10	5	0.2111428571	0.1779595016	0.321
17SGH02361	2.2	0.1	0	1.714285714	95.2380952	138	71	0	5	2	0.1459047619	0.114956245	0.419
17SGH00552	0.3	0.2	0.7	0.3	20	155	71	10	2	10	0.1944	0.1316793893	0.3144
17SGH01351	3.5	0.4	0.1	0.1	10	150	73	2	20	2	0.1882	0.1509567682	0.2822
17SGH00242	2.9	0.1	0	2.095238095	90.4761905	152	73	2	20	10	0.1858095238	0.1275546159	0.2365
17SGH03209	1.3	0.1	0.1	0.5	40	151	73	5	10	10	0.2128	0.1375507835	0.43075
17SGH01655	16.8	4.1	0.2	2.19047619	100	144	71	2	10	5	0.206	0.0933557611	0.5945
17SGH03994	1.4	0.1	0.1	0.7	40	147	75	5	5	20	0.1788	0.1384162304	0.5093333333
17SGH00800	2.5	0.7	0.3	2.047619048	95.2380952	134	73	5	5	20	0.2219047619	0.0801144492	0.699
17SGH03484	4.2	0.6	0.1	1.666666667	80.952381	150	71	2	2	20	0.2076190476	0.1024390244	0.205
17SGH00199	3.1	0.3	0.1	1.363636364	90.9090909	148	73	5	10	5	0.2178181818	0.1477184841	0.431
17SGH03422	2.8	0.6	0.2	1.80952381	90.4761905	163	69	10	10	5	0.1838095238	0.1445003595	0.34775
17SGH03412	1.5	0.2	0.1	1.285714286	71.4285714	155	71	5	50	10	0.1914285714	0.0954415954	0.351
17SGH01769	0.3	0.1	0.3	2	85	147	75	NA	10	5	0.1977	0.083573487	0.2776
17SGH01449	1.3	0.1	0.1	0.727272727	54.5454545	150	69	10	10	2	0.2210909091	0.156448203	0.473
17SGH00944	1	0.1	0.1	1.285714286	80.952381	160	71	2	2	5	0.1996190476	0.1024305556	0.288
17SGH04019	0.4	0.1	0.3	0.2	15	145	73	2	30	2	0.1703	0.1654197839	NA
17SGH03139	0.2	0.2	1	0.047619048	4.7619048	142	73	2	30	10	0.1560952381	0.0978723404	0.29375
17SGH01381	0.2	0.2	1	0.05	5	155	75	0	20	5	0.2081	0.1658483361	0.3666
17SGH04069	2.9	0.3	0.1	1.095238095	76.1904762	152	73	5	20	2	0.1655238095	0.1806947228	0.2994
17SGH03380	2.5	0.2	0.1	0.35	30	149	73	0	20	5	0.1706	0.1691348402	1.283
17SGH02636	6.2	1.4	0.2	0.904761905	57.1428571	165	73	2	5	0	0.1811428571	0.101340694	NA
17SGH01625	3.8	0.7	0.2	0.238095238	19.047619	133	75	5	10	5	0.1803809524	0.0647509579	NA
17SGH03889	4.6	0.2	0	0.428571429	42.8571429	155	73	5	10	20	0.1808571429	0.2040955631	0.7325
17SGH00572	3.5	0.1	0	0.45	35	155	75	2	20	5	0.1967	0.2196363636	0.1527777778
17SGH03602	18.3	1.2	0.1	2.1	95	106	65	2	2	20	0.1639	0.0609951846	0.623
17SGH03737	3.9	0.8	0.2	1	55	167	71	0	2	2	0.1751	0.1184466019	0.38625
17SGH00974	15.1	2.1	0.1	1.333333333	85.7142857	145	69	10	30	5	0.1497142857	0.0012009608	0.4163333333
17SGH03766	1.4	0.1	0.1	1.2	85	170	73	2	20	5	0.2017	0.1275837491	0.4676666667
17SGH00959	0.6	0.1	0.2	0.857142857	42.8571429	169	73	2	20	5	0.1928571429	0.1047418968	0.2776666667
17SGH00607	3.9	0.6	0.2	1.2	60	136	73	5	10	5	0.1872	0.1180555556	0.408
17SGH01969	4.8	0.2	0	0.7	50	150	75	5	20	2	0.191	0.1481614996	0.34675
17SGH01943	7.5	1.1	0.1	1.9	90	154	71	2	10	20	0.1938	0.1092150171	0.7325
17SGH03356	2.7	0.2	0.1	1.75	70	143	71	2	30	10	0.1474	0.1256756757	0.2775
17SGH00791	0.3	0.1	0.3	0.35	30	145	73	2	20	20	0.2306	0.1655313351	0.4893333333
17SGH00253	0.3	0.5	1.7	0.25	25	160	71	2	0	5	0.2205	0.143757503	0.3332
17SGH02349	0.4	0.1	0.3	0.6	45	146	73	2	20	10	0.2009	0.1208850513	0.2058888889
17SGH03673	0.9	0.1	0.1	1	50	136	73	2	30	5	0.173	0.1023468057	0.2556666667
17SGH00871	4.5	0.5	0.1	1.047619048	71.4285714	144	71	2	2	5	0.1174285714	0.1053921569	0.0582857143
17SGH03869	0.6	0.1	0.2	1.333333333	66.6666667	140	73	0	30	10	0.2073333333	0.1359289617	1.464
17SGH02778	3.7	0.1	0	1.3	80	153	71	0	20	10	0.1856	0.0947136564	NA
17SGH03777	2.1	0.1	0	0.476190476	38.0952381	139	73	0	20	5	0.1847619048	0.1350340136	0.245
17SGH03309	2.4	0.9	0.4	2.05	75	138	71	2	10	2	0.1635	0.0644371941	1.226
17SGH00092	5.3	0.1	0	0.65	55	130	69	5	2	5	0.1491	0.0710059172	0.338
17SGH03941	4.1	0.7	0.2	1.238095238	76.1904762	150	73	2	5	10	0.1855238095	0.1015923567	0.157
17SGH03855	3.4	0.9	0.3	0.7	55	157	73	2	10	2	0.1571	0.1059253247	0.4106666667
17SGH03625	1	0.1	0.1	1.4	75	155	71	2	20	40	0.2275	0.1359807461	0.831
17SGH00928	1.6	0.1	0.1	1.85	85	138	71	2	60	10	0.1497	0.1180698152	0.2435
17SGH00709	8.4	1.3	0.2	2	95	150	71	0	20	2	0.2039	0.1805453206	0.33925
17SGH03034	2	0.2	0.1	1.952380952	95.2380952	154	61	5	10	5	0.2039047619	0.1178266178	0.3276
17SGH00762	4.8	0.6	0.1	2.15	100	153	71	NA	0	2	0.202	0.1090391909	0.3955
17SGH03311	12	0.8	0.1	1.7	95	140	65	2	2	2	0.1359	0.0492125984	NA
17SGH02904	4.5	0.4	0.1	0.3	25	159	73	2	2	10	0.1785	0.1145970938	0.5046666667
17SGH03944	4.8	1	0.2	2.136363636	100	127	71	2	20	30	0.188	0.0871156662	1.366
17SGH00711	10.6	2.5	0.2	1.523809524	71.4285714	165	73	2	20	30	0.2174285714	0.0847094801	0.545
17SGH03321	24.6	2.8	0.1	1.35	70	140	73	2	5	2	0.1514	0.1098712446	0.29125
17SGH02630	11.7	1.9	0.2	2.318181818	100	138	71	2	30	20	0.186	0.0621811224	0.3136
17SGH03669	12.7	2.3	0.2	2	76.1904762	140	71	0	50	10	0.1875238095	0.0527677186	0.2761428571
17SGH03727	4	0.3	0.1	1.476190476	80.952381	135	69	2	20	2	0.1536190476	0.1184115523	0.277
17SGH00775	0.8	0.2	0.3	0.15	15	145	71	2	5	2	0.1643	0.1221441125	0.2276
17SGH04025	3.8	1.5	0.4	0.952380952	61.9047619	134	73	0	20	20	0.1972380952	0.161634103	1.126
17SGH00528	1.2	0.1	0.1	0.285714286	28.5714286	152	73	0	20	2	0.2045714286	0.1081242533	1.674
17SGH01392	0.2	0.1	0.5	0.25	20	145	73	0	20	5	0.1964	0.1599756691	0.411
17SGH03174	0.4	0.1	0.3	0.80952381	42.8571429	145	71	0	0	2	0.1868571429	0.0990506329	0.79
17SGH01823	1.2	0.2	0.2	0.571428571	38.0952381	130	75	0	20	2	0.1327619048	0.1215925395	0.4646666667
17SGH02758	1.8	0.3	0.2	1.1	60	166	71	0	5	10	0.2052	0.1461090524	NA
17SGH03003	1.1	0.5	0.5	0.714285714	57.1428571	145	73	2	30	20	0.1791428571	0.1271865889	0.4573333333
17SGH01976	1.4	0.4	0.3	0.85	55	157	73	0	10	10	0.1951	0.1335361731	0.7395
17SGH03313	1.7	0.1	0.1	0.142857143	14.2857143	127	75	2	10	2	0.1482857143	0.1106750392	0.2548
17SGH04016	2.4	0.3	0.1	0.863636364	54.5454545	155	75	0	5	10	0.1630909091	0.0874294923	0.1772857143
17SGH03000	1.1	0.1	0.1	2	90.4761905	125	71	NA	10	10	0.1498095238	0.0918264379	0.1982
17SGH02992	1.6	0.1	0.1	1.409090909	72.7272727	151	75	0	2	5	0.1934545455	0.1571428571	0.1477777778
17SGH03123	4	0.5	0.1	0.380952381	33.3333333	135	73	2	2	50	0.2246666667	0.1578014184	0.235
17SGH02057	3.9	0.4	0.1	0.428571429	38.0952381	136	73	0	2	5	0.1947619048	0.1559139785	0.174375
17SGH02674	3.4	0.6	0.2	2.1	95	160	71	0	20	10	0.1999	0.1076020123	0.2555714286
17SGH04105	2.2	0.3	0.1	1	60	147	71	0	5	40	0.1832	0.1286149163	0.3285
17SGH03778	7.1	1.2	0.2	1.238095238	80.952381	150	61	5	20	30	0.2216190476	0.0840648211	0.37025
17SGH00620	15.6	3	0.2	1.666666667	85.7142857	132	71	2	2	5	0.1797142857	0.1152173913	0.2875
17SGH03781	8.1	0.7	0.1	1.85	85	125	71	2	5	10	0.1757	0.1053423627	0.2658
17SGH02516	1.2	0.2	0.2	1.45	80	149	71	2	2	0	0.1856	0.128601546	NA
17SGH02488	6.9	1	0.1	0.85	55	145	71	2	10	20	0.2011	0.1130742049	0.2021428571
17SGH04111	1.7	0.1	0.1	2.1	100	149	71	2	20	5	0.182	0.0864864865	0.296
17SGH04160	2.8	0.1	0	1	57.1428571	154	69	2	30	0	0.1831428571	0.1015793252	0.2321666667
17SGH04024	3.7	1.5	0.4	2.714285714	100	150	71	2	2	5	0.22	0.1180048662	0.822
17SGH04124	1.7	0.1	0.1	1.80952381	85.7142857	147	69	5	10	2	0.1957142857	0.0450081833	0.9165
17SGH03772	0.7	0.1	0.1	1.35	70	127	73	0	20	2	0.1694	0.163197026	0.6725
17SGH01081	1.7	0.3	0.2	0.238095238	23.8095238	150	71	0	30	20	0.2184761905	0.1359676416	0.2678333333
17SGH02081	0.7	0.8	1.1	0.142857143	14.2857143	137	73	0	10	2	0.1662857143	0.080581761	1.272
17SGH02155	1.4	0.1	0.1	1.727272727	86.3636364	166	71	2	10	5	0.1617272727	0.123470948	0.436
17SGH00749	2.5	0.1	0	1.772727273	90.9090909	155	71	2	30	2	0.1758181818	0.1184684685	0.2775
17SGH01231	1.2	0.2	0.2	0.3	30	170	73	0	20	5	0.2286	0.144193297	0.32075
17SGH03020	1.2	0.1	0.1	2.047619048	100	156	73	5	30	20	0.194	0.1093304843	0.2808
17SGH03165	4.2	0.2	0	0.952380952	61.9047619	146	75	0	20	10	0.2032380952	0.1563055062	0.1689
17SGH00488	3.3	0.7	0.2	1.1	70	155	73	2	40	30	0.2074	0.1365771812	0.2483333333
17SGH00490	3.9	0.8	0.2	1.047619048	57.1428571	150	75	0	10	20	0.1611428571	0.1327759197	0.186875
17SGH01108	2.4	0.6	0.3	0.25	25	162	73	2	20	5	0.1745	0.1113251156	0.16225
17SGH02373	1.9	0.3	0.2	1.238095238	85.7142857	152	73	2	10	10	0.1737142857	0.0760188088	0.319
17SGH03553	6.3	2.2	0.3	1.590909091	90.9090909	157	71	2	10	10	0.1718181818	0.0561533289	0.185875
17SGH00314	17.7	4.3	0.2	1.9	85	163	73	2	10	10	0.1857	0.0967519005	0.4823333333
17SGH03051	1.6	0.5	0.3	1.142857143	76.1904762	155	71	0	5	2	0.2095238095	0.1070713809	0.2141428571
17SGH02260	5	0.4	0.1	0.80952381	52.3809524	164	73	0	2	5	0.185047619	0.1103658537	0.41
17SGH00335	0.9	0.2	0.2	0.75	50	164	73	0	20	2	0.175	0.147766323	0.36375
17SGH02402	0.4	0.1	0.3	0.454545455	36.3636364	147	73	0	5	10	0.1887272727	0.1160142349	0.4683333333
17SGH02739	2.6	0.4	0.2	1	75	137	73	0	20	20	0.1835	0.1286808009	0.2425714286
17SGH02610	3.6	0.1	0	0.545454545	40.9090909	156	75	2	20	20	0.1988181818	0.1286163522	0.3975
17SGH02052	7.7	0.4	0.1	NA	NA	79	69	2	10	30	0.21	0.0321239607	NA
17SGH02139	2.4	0.3	0.1	1.619047619	80.952381	133	71	0	10	10	0.1616190476	0.1431133429	0.697
17SGH01662	0.9	0.1	0.1	1.857142857	90.4761905	139	69	0	2	5	0.1878095238	0.0578616352	0.318
17SGH00676	3.8	0.1	0	2.047619048	95.2380952	139	71	2	5	5	0.2099047619	0.1281291173	0.18975
17SGH01736	3.1	0.1	0	2.333333333	95.2380952	138	69	NA	0	2	0.1579047619	0.0972222222	0.297
17SGH02672	2.7	0.7	0.3	0.523809524	47.6190476	150	73	2	20	20	0.196952381	0.1193045564	0.2085
17SGH00170	5.3	0.3	0.1	1.238095238	85.7142857	128	65	2	2	30	0.1857142857	0.0581527936	0.877
17SGH03937	1.9	0.1	0.1	0.05	5	154	75	0	10	5	0.1861	0.0729903537	0.2221428571
17SGH00069	0.5	0.1	0.2	1.238095238	80.952381	139	75	2	10	10	0.1656190476	0.0503246753	0.2053333333
17SGH02593	2.7	0.8	0.3	1.181818182	68.1818182	136	77	2	5	10	0.1853636364	0.1496350365	0.6165
17SGH00917	6.5	0.5	0.1	1.333333333	80.952381	133	65	5	2	5	0.1556190476	0.0462143559	NA
17SGH03876	1.8	0.1	0.1	1.545454545	77.2727273	150	73	0	10	10	0.1915454545	0.1410828025	0.5233333333
17SGH01529	25.8	2.1	0.1	1.25	90	143	69	2	2	5	0.1878	0.0448430493	0.669
17SGH04161	5.4	0.4	0.1	0.523809524	42.8571429	160	71	5	2	2	0.1788571429	0.0920415225	0.289
17SGH03232	7	0.9	0.1	1.15	70	153	71	2	30	2	0.1774	0.1258238466	0.41725
17SGH03213	1.2	0.1	0.1	1.2	70	168	65	2	2	5	0.1834	0.1261785912	0.45075
17SGH00310	0.9	0.1	0.1	3.136363636	100	170	73	2	5	5	0.234	0.1041905855	0.21775
17SGH02971	6.9	1.8	0.3	2.1	85	149	71	0	5	20	0.2137	0.1041666667	0.2571428571
17SGH04067	2.2	0.7	0.3	1.761904762	90.4761905	142	73	2	20	10	0.2318095238	0.1375796178	0.3925
17SGH02954	7.9	1.7	0.2	1.5	63.6363636	157	71	0	10	20	0.2092727273	0.0804321729	0.833
17SGH00344	1.5	0.5	0.3	1	70	145	71	2	10	10	0.1954	0.1238968092	0.2946
17SGH03312	1.9	0.1	0.1	2.1	100	88	65	2	10	20	0.146	0.101039261	0.2165
17SGH04008	4.9	0.9	0.2	0.238095238	14.2857143	139	73	0	10	40	0.1802857143	0.1231343284	0.3216
17SGH03606	1.2	1	0.8	1.181818182	81.8181818	108	69	0	2	5	0.1176363636	0.0252004582	0.873
17SGH03657	0.4	0.3	0.8	1	60	132	71	2	30	2	0.1772	0.1106133701	0.7255
17SGH02489	0.8	0.2	0.3	0.476190476	28.5714286	155	69	0	0	2	0.1905714286	0.1128803963	0.35325
17SGH01867	1.9	0.1	0.1	1.142857143	66.6666667	141	75	0	20	5	0.2053333333	0.0616338439	0.2285
17SGH04040	0.9	0.1	0.1	0.1	10	148	73	2	20	5	0.1842	0.1472556894	0.2988
17SGH00413	1.8	0.1	0.1	1.85	90	170	71	2	20	30	0.2098	0.0891341256	0.3534
17SGH03366	3.9	0.4	0.1	1.904761905	85.7142857	160	71	0	5	5	0.2217142857	0.1291028446	0.2611428571
17SGH03738	4.3	1.1	0.3	1.75	90	159	65	0	0	20	0.1878	0.0631131458	1.529
17SGH02163	2	0.1	0.1	0.285714286	23.8095238	145	73	2	50	10	0.1584761905	0.1146076146	0.429
17SGH03264	4.2	0.6	0.1	0.571428571	47.6190476	138	73	0	20	50	0.192952381	0.1146377894	1.339
17SGH02895	3	0.1	0	1.1	70	159	69	0	10	2	0.1654	0.0728187919	NA
17SGH02816	2.9	0.6	0.2	1.55	85	150	71	2	20	5	0.2157	0.1483554934	0.2041428571
17SGH01765	3.2	0.4	0.1	1.05	55	140	73	10	30	5	0.1851	0.0579819277	0.1475555556
17SGH03177	0.9	0.1	0.1	2.476190476	100	168	75	0	20	5	0.144	0.0921266234	0.308
17SGH01214	9.1	1.4	0.2	2.285714286	100	152	69	2	2	5	0.194	0.1060113729	0.30775
17SGH03415	2.1	0.2	0.1	0.904761905	57.1428571	156	71	0	10	5	0.2131428571	0.1310240964	0.2371428571
17SGH03426	2.5	0.1	0	0.35	30	176	65	2	2	2	0.2046	0.1119311193	0.4065
17SGH01232	3.7	1.6	0.4	1.954545455	100	151	77	0	10	10	0.24	0.0949221004	0.1575454545
17SGH01211	1.2	0.3	0.3	0.476190476	38.0952381	147	73	5	10	30	0.2047619048	0.1586073501	0.2215714286
17SGH02215	5.7	1.3	0.2	1.95	85	146	65	2	2	2	0.1317	0.0348525469	0.1865
17SGH03955	1.1	0.1	0.1	0.4	30	149	73	5	10	5	0.1686	0.1301911668	0.1517
17SGH03999	0.5	0.5	1	0.75	45	158	65	2	10	10	0.1469	0.1652985075	0.4466666667
17SGH01281	3.6	0.8	0.2	2.25	90	133	69	2	20	20	0.1938	0.1323631324	0.7215
17SGH00924	2.2	0.4	0.2	0.666666667	38.0952381	152	71	5	10	10	0.1287619048	0.1615236258	0.2074
17SGH00544	0.1	0.1	1	0.666666667	42.8571429	143	71	2	2	5	0.1728571429	0.1736	0.15625
17SGH02325	0.2	0.1	0.5	0.19047619	19.047619	144	73	2	20	5	0.1623809524	0.1419508327	0.1801428571
17SGH02633	0.4	0.1	0.3	0.434782609	34.7826087	144	75	2	0	5	0.2166956522	0.0891655451	0.743
17SGH00899	1.8	0.6	0.3	2.238095238	90.4761905	149	77	NA	2	10	0.2098095238	0.1	0.215
17SGH02967	0.9	0.2	0.2	0.666666667	57.1428571	166	73	2	5	5	0.2251428571	0.1054054054	0.41625
17SGH02267	3.4	0.4	0.1	1	71.4285714	158	75	0	10	10	0.1254285714	0.1235849057	0.265
17SGH00288	1.9	0.2	0.1	0.272727273	27.2727273	116	71	2	0	5	0.1385454545	0.1031468531	0.572
17SGH02440	1.8	0.5	0.3	2.380952381	90.4761905	169	73	0	30	10	0.1658095238	0.05497543	0.2713333333
17SGH00278	8.9	3.5	0.4	2.15	95	108	69	2	0	20	0.1679	0.0025906736	NA
17SGH03511	0.8	0.1	0.1	0.476190476	42.8571429	145	73	2	0	10	0.1508571429	0.1066810345	1.392
17SGH02044	2.9	0.1	0	1.045454545	63.6363636	153	75	2	30	2	0.2212727273	0.0821962313	0.38475
17SGH03498	1.5	0.1	0.1	0.380952381	28.5714286	141	75	10	0	30	0.1945714286	0.1623931624	0.702
17SGH01741	1.5	0.3	0.2	1.095238095	52.3809524	153	77	0	10	5	0.175047619	0.132535095	0.2018333333
17SGH01277	0.4	0.1	0.3	1.238095238	66.6666667	152	77	5	20	5	0.1573333333	0.1013333333	0.5625
17SGH01436	1.2	0.2	0.2	1.5	75	163	73	2	2	10	0.1735	0.1182724252	0.215
17SGH01160	2.7	0.6	0.2	0.95	70	167	69	2	2	2	0.1494	0.1308139535	0.129
17SGH03310	9.7	1.7	0.2	1.095238095	66.6666667	146	73	NA	5	5	0.1553333333	0.0597375691	0.362
17SGH03594	2.2	0.9	0.4	0.636363636	36.3636364	146	77	2	10	5	0.1707272727	0.0743506494	NA
17SGH04110	1.6	0.5	0.3	0.181818182	18.1818182	158	77	10	2	5	0.2183636364	0.0731034483	0.3625
17SGH01829	0.9	0.2	0.2	1.15	70	147	71	5	10	5	0.1814	0.0346989967	0.598
17SGH03097	0.6	0.1	0.2	2	95.4545455	142	75	0	5	50	0.1799090909	0.1239316239	0.351
17SGH03910	0.2	0.1	0.5	0.772727273	50	135	73	2	2	5	0.163	0.1124401914	0.3135
17SGH00217	0.2	0.1	0.5	1.45	75	144	71	0	5	10	0.1775	0.1374633431	0.4546666667
17SGH02293	3.5	0.1	0	1.260869565	60.8695652	171	73	0	2	10	0.2032173913	0.085259213	0.5336666667
17SGH01813	3.3	0.7	0.2	0.571428571	47.6190476	135	73	0	5	5	0.208952381	0.1045854271	0.398
17SGH01737	2.9	0.4	0.1	1.5	59.0909091	158	73	2	2	10	0.1771818182	0.0913312693	0.323
17SGH01299	1.4	0.4	0.3	0.565217391	39.1304348	126	73	0	2	20	0.1807826087	0.119885823	1.31375
17SGH01017	1	0.1	0.1	1.285714286	76.1904762	152	73	0	5	10	0.1835238095	0.1202036022	0.4256666667
17SGH01799	4.3	0.4	0.1	1.5	90	158	75	0	10	5	0.1998	0.0688246386	0.39775
17SGH00108	3.1	0.6	0.2	1.095238095	66.6666667	155	71	0	10	2	0.1873333333	0.1010346926	0.2738333333
17SGH03758	4.5	0.3	0.1	0.727272727	50	160	75	2	0	20	0.201	0.1032738095	0.42
17SGH01432	1.5	0.1	0.1	1.8	80	144	73	NA	10	5	0.2116	0.1326586433	0.457
17SGH02226	1.5	0.5	0.3	0.428571429	38.0952381	155	69	10	2	20	0.1687619048	0.0443037975	0.316
17SGH00646	5	0.4	0.1	1	65.2173913	151	73	2	10	5	0.1893043478	0.0865825688	0.2906666667
17SGH01419	4	0.1	0	1.590909091	81.8181818	139	75	NA	10	2	0.1496363636	0.0330882353	0.1813333333
17SGH00267	4.2	0.2	0	1.15	70	162	71	2	2	20	0.1794	0.1044217687	0.294
17SGH02949	2.4	1	0.4	0.6	40	159	73	5	2	20	0.2208	0.1043017089	0.2828333333
17SGH02335	3.4	1	0.3	1	64	154	73	5	10	2	0.18928	0.1200132979	0.376
17SGH02154	0.4	0.2	0.5	1.19047619	76.1904762	153	73	10	60	10	0.2055238095	0.0774268105	0.2596
17SGH03989	1.3	0.1	0.1	1.090909091	72.7272727	163	73	2	10	10	0.1694545455	0.1114457831	0.5533333333
17SGH00774	1	0.1	0.1	1.045454545	50	147	75	0	5	10	0.189	0.0694527962	0.3326
17SGH03248	0.9	0.2	0.2	0.6	45	152	73	0	5	5	0.1769	0.1255465334	0.2668333333
17SGH02272	0.1	0.1	1	0.3	25	150	83	2	10	10	0.1985	0.0956491713	0.362
17SGH03866	1	0.7	0.7	0.1	10	145	73	0	5	2	0.1842	0.150712831	0.2455
17SGH02368	0.8	0.1	0.1	0.523809524	28.5714286	135	73	0	5	10	0.1725714286	0.109444799	0.3134
17SGH03101	0.4	0.5	1.3	0.75	55	165	71	2	2	2	0.1751	0.1100196464	0.1527
17SGH01774	0.9	0.1	0.1	0.1	10	140	75	2	2	60	0.1902	0.085243553	0.1745
17SGH00161	0.9	0.1	0.1	0.142857143	14.2857143	157	77	0	30	10	0.1962857143	0.1446784922	0.6013333333
17SGH00059	2.9	0.5	0.2	0.35	20	145	75	2	20	5	0.2024	0.1235109718	0.2278571429
17SGH01941	NA	NA	NA	NA	NA	NA	NA	NA	NA	NA	NA	NA	NA
17SGH01796	2.3	0.4	0.2	0.590909091	36.3636364	156	77	NA	2	2	0.1827272727	0.070155902	0.1995555556
17SGH01802	6.6	1.1	0.2	1.333333333	76.1904762	155	75	2	2	50	0.1515238095	0.0974169742	0.271
17SGH02637	0.7	0.1	0.1	0.35	30	149	77	0	20	5	0.1766	0.0801847187	1.191
17SGH00325	0.5	0.1	0.2	1.409090909	68.1818182	150	75	0	5	10	0.1693636364	0.1211180124	0.161
17SGH04075	5.1	0.3	0.1	1.136363636	63.6363636	127	73	0	2	2	0.1552727273	0.118226601	0.0922727273
17SGH01260	3.9	1.1	0.3	1.266666667	86.6666667	120	71	5	10	5	0.1417333333	0.0833333333	0.392
17SGH00228	1.4	0.1	0.1	0.80952381	52.3809524	158	73	0	10	5	0.207047619	0.1168061367	0.1593333333
17SGH00671	3.5	0.2	0.1	1.904761905	85.7142857	153	71	2	40	2	0.1897142857	0.1180496151	0.5845
17SGH03128	2.5	0.1	0	0.85	65	140	73	2	2	10	0.1793	0.1537489469	0.3956666667
17SGH00560	16.3	1.4	0.1	1.095238095	61.9047619	155	73	2	20	20	0.1332380952	0.1140710383	0.2091428571
17SGH04039	4.3	0.1	0	0.9	60	127	73	NA	20	5	0.1732	0.1322049405	0.2186
17SGH00911	1	0.1	0.1	1	65	135	73	NA	20	2	0.1853	0.1646706587	0.1113333333
17SGH02009	0.7	0.1	0.1	0.857142857	61.9047619	142	71	0	2	2	0.6732380952	0.1004086398	0.3426
17SGH01822	2.2	0.1	0	0.380952381	33.3333333	145	73	NA	5	5	0.1546666667	0.0743283582	0.2392857143
17SGH00091	4.2	0.2	0	1.476190476	85.7142857	142	69	2	10	10	0.1537142857	0.0326155795	0.3158
17SGH01167	1.9	0.5	0.3	0.619047619	42.8571429	150	77	0	20	10	0.1468571429	0.0659436009	0.461
17SGH01797	NA	NA	NA	NA	NA	NA	NA	NA	NA	NA	NA	NA	NA
17SGH02035	0.4	0.1	0.3	1.636363636	81.8181818	144	75	NA	20	10	0.1736363636	0.1150696151	0.2442
17SGH03951	0.8	0.1	0.1	0.45	35	136	73	0	20	10	0.2087	0.1395939086	0.2758
17SGH01589	5.3	0.9	0.2	0.380952381	33.3333333	127	73	2	10	10	0.1686666667	0.0768421053	0.35625
17SGH01903	3.1	0.7	0.2	0.619047619	42.8571429	145	73	2	10	10	0.1988571429	0.0917288557	0.201
17SGH02322	0.6	0.1	0.2	2.19047619	95.2380952	126	75	0	2	2	0.1419047619	0.0572374645	0.2114
17SGH03261	10.6	2.6	0.2	1.238095238	80.952381	130	77	2	2	20	0.1976190476	0.1305062459	0.3042
17SGH01043	2.9	0.6	0.2	0.571428571	42.8571429	135	75	5	40	10	0.1568571429	0.0654205607	0.428
17SGH00281	3.6	1.2	0.3	0.952380952	76.1904762	130	73	5	2	20	0.1675238095	0.0735981308	1.284
17SGH03454	1.7	0.1	0.1	2.2	90	158	73	2	10	20	0.1838	0.1117339312	0.2676
17SGH00562	4.2	0.5	0.1	0.666666667	28.5714286	124	73	2	5	2	0.1285714286	0.120230701	0.5635
17SGH03471	0.7	0.1	0.1	1.333333333	76.1904762	153	83	0	20	20	0.1835238095	0.1453362256	0.2766
17SGH03926	1	0.1	0.1	1.3	70	150	77	2	2	5	0.1634	0.0884728341	0.3405
17SGH01804	2.4	0.1	0	1.523809524	85.7142857	150	71	0	20	0	0.1677142857	0.1211636829	0.3128
17SGH02017	0.8	0.1	0.1	1.1	65	155	71	2	2	40	0.1613	0.119063772	0.2948
17SGH01045	3.7	0.1	0	0.523809524	38.0952381	143	75	2	30	40	0.1807619048	0.1245090338	0.4243333333
17SGH03919	1	0.2	0.2	1.619047619	76.1904762	147	73	0	20	2	0.2095238095	0.1306133625	0.22825
17SGH02117	2.3	1.2	0.5	0.476190476	33.3333333	124	69	10	20	5	0.1706666667	0.0012468828	0.5346666667
17SGH01723	0.6	0.1	0.2	1.476190476	76.1904762	129	73	0	2	2	0.1655238095	0.0535211268	1.42
17SGH01416	0.7	0.1	0.1	1.85	90	154	73	NA	10	5	0.1738	0.0398477157	0.24625
17SGH01188	2.8	0.5	0.2	1.1	75	144	73	0	5	2	0.1995	0.1193021947	0.2961666667
17SGH01753	0.1	0.1	1	1.142857143	61.9047619	147	73	2	5	2	0.1972380952	0.1363934426	0.305
17SGH03058	0.3	0.1	0.3	0.380952381	28.5714286	159	73	0	5	10	0.2205714286	0.1091811414	0.1791111111
17SGH01461	0.3	0.6	2	0.3	20	143	73	2	5	20	0.1344	0.13388735	1.083
17SGH00079	4.9	0.7	0.1	0.761904762	42.8571429	163	73	2	10	2	0.1888571429	0.0930477528	0.2848
17SGH01965	5.1	0.3	0.1	0.761904762	61.9047619	146	75	5	10	5	0.1932380952	0.1789652248	0.29475
17SGH01981	2.2	1	0.5	0.25	20	148	73	2	0	10	0.1904	0.1128349788	0.3545
17SGH01305	2.6	2.1	0.8	0.380952381	28.5714286	160	73	0	10	5	0.1785714286	0.0582655827	0.369
17SGH01552	1.7	0.8	0.5	1.5	85	105	73	2	2	30	0.1737	0.0576789437	0.4796666667
17SGH04000	0.9	0.1	0.1	0.45	35	157	75	0	5	5	0.1667	0.1347748815	0.3376
17SGH02263	0.8	0.2	0.3	0.4	35	146	73	0	5	10	0.1907	0.1334968465	0.1427
17SGH00357	2	0.1	0.1	1.25	80	155	71	10	10	0	0.1656	0.0913404508	0.562
17SGH00951	2	1.9	1	1.1	80	135	73	0	5	5	0.2016	0.1385782748	0.313
17SGH02859	0.7	0.2	0.3	1.260869565	82.6086957	159	75	0	20	10	0.2136521739	0.0896510229	0.2374285714
17SGH03080	0.4	1	2.5	0.6	45	150	73	2	2	5	0.1649	0.1478613569	0.1356
17SGH00591	2.8	0.8	0.3	1.05	65	130	71	2	2	10	0.1753	0.120886501	0.186125
17SGH02250	0.7	0.4	0.6	0.45	35	145	69	2	2	0	0.1407	0.0688647746	0.3993333333
17SGH01297	4.2	1.7	0.4	1.7	80	148	73	2	20	5	0.1876	0.1007265522	0.3028
17SGH02179	0.4	0.7	1.8	0.619047619	42.8571429	156	73	5	10	10	0.2008571429	0.0968063872	0.1503
17SGH01676	2	0.2	0.1	0.904761905	57.1428571	167	75	0	2	5	0.2171428571	0.0939790576	0.2122222222
17SGH01785	0.8	0.2	0.3	0.75	55	149	73	0	30	2	0.1691	0.06	0.6375
17SGH00304	2	0.3	0.2	0.476190476	47.6190476	165	75	2	40	2	0.184952381	0.0891803279	0.190625
17SGH02808	2.9	0.1	0	1.952380952	85.7142857	143	75	NA	40	0	0.2277142857	0.1033246415	0.3068
17SGH02390	0.1	0.2	2	0.1	10	136	73	5	10	5	0.1722	0.1249125262	NA
17SGH01509	0.1	0.4	4	0.4	30	158	73	2	5	10	0.1666	0.1086169442	NA
17SGH00698	2	0.8	0.4	1.15	70	143	77	5	5	20	0.1674	0.1102335165	0.364
17SGH02073	3.8	0.2	0.1	1.5	80	155	71	0	5	2	0.1996	0.1316187595	0.49575
17SGH03246	1.7	0.6	0.4	0.55	30	155	73	0	0	5	0.1546	0.1365384615	0.4333333333
17SGH01371	2.1	0.1	0	0.619047619	33.3333333	149	73	5	5	5	0.1886666667	0.1442602824	0.40725
17SGH02211	0.2	0.4	2	0.363636364	31.8181818	161	73	5	10	20	0.1966363636	0.1367667121	0.3665
17SGH03307	0.1	0.1	1	0.85	65	153	71	0	5	2	0.1913	0.1288875598	1.672
17SGH04109	0.9	0.4	0.4	0.35	30	151	73	0	10	2	0.1726	0.1108910891	1.515
17SGH02365	0.4	0.1	0.3	1.3	70	158	71	0	2	10	0.1754	0.0959731544	0.298
17SGH02049	2	0.6	0.3	2.619047619	95.2380952	144	73	NA	5	2	0.1939047619	0.1432488005	0.7295
17SGH02912	1.1	0.2	0.2	1.5	72.7272727	159	75	0	10	0	0.2014545455	0.0820783133	NA
17SGH04117	0.7	0.1	0.1	0.15	10	169	75	2	0	5	0.2002	0.0988769531	2.048
17SGH03317	2.3	0.3	0.1	0.75	50	139	73	10	5	0	0.163	0.1273247496	NA
17SGH03900	1.1	0.1	0.1	0.75	45	147	73	2	0	10	0.2069	0.1552069426	0.749
17SGH01315	0.5	0.7	1.4	0	0	150	73	2	10	5	0.212	0.1588815789	0.304
17SGH01744	0.2	0.1	0.5	1.95	95	147	73	2	20	5	0.1819	0.1191919192	0.495
17SGH00415	1	0.1	0.1	0.380952381	33.3333333	153	71	10	2	5	0.1786666667	0.1191926885	NA
17SGH02951	0.7	0.1	0.1	0.523809524	28.5714286	179	73	0	10	2	0.2105714286	0.0824235808	NA
17SGH02119	1.9	1.9	1	1.1	80	142	73	5	5	2	0.1976	0.0913043478	0.7475
17SGH00807	0.6	0.2	0.3	0.428571429	38.0952381	137	73	2	60	20	0.1287619048	0.0906998158	NA
17SGH01330	0.1	0.5	5	1.7	75	158	71	2	5	5	0.1735	0.0774928775	0.8775
17SGH01937	0.1	0.4	4	0.380952381	33.3333333	143	73	5	30	5	0.1726666667	0.0753328662	0.4756666667
17SGH00098	1	0.5	0.5	NA	NA	86	69	5	10	2	0.1425	0.0204280156	NA
17SGH01820	0.2	0.7	3.5	0.904761905	61.9047619	146	73	0	2	5	0.1992380952	0.0890741553	NA
17SGH00195	0.7	0.1	0.1	1.55	85	153	71	0	5	2	0.1757	0.1319261214	NA
17SGH02988	0.6	0.1	0.2	2	84.2105263	155	73	0	5	0	0.1916842105	0.1204896907	0.3104
17SGH01482	1.1	0.2	0.2	0.238095238	23.8095238	122	75	0	2	2	0.1884761905	0.0883870968	0.2214285714
17SGH00022	3	0.8	0.3	0.476190476	38.0952381	141	75	0	5	10	0.1807619048	0.1164434524	0.448
17SGH00841	1.2	0.1	0.1	0.476190476	33.3333333	134	73	NA	30	2	0.1926666667	0.047601476	0.4516666667
17SGH00117	0.6	0.4	0.7	0.7	40	143	71	0	5	2	0.1608	0.0880560634	1.641
17SGH04010	0.3	0.1	0.3	0.19047619	14.2857143	144	75	0	2	2	0.1762857143	0.1213105077	0.847
17SGH01441	0.4	0.1	0.3	0.5	40	142	73	2	20	10	0.2528	0.1200440529	NA
17SGH02928	0.8	0.8	1	0.75	55	150	73	2	5	0	0.2091	0.1216367713	1.784
17SGH01376	4.5	0.2	0	1.380952381	76.1904762	165	73	2	10	2	0.2335238095	0.1196695096	0.6253333333
17SGH03822	0.6	0.1	0.2	0.1	10	156	73	2	20	2	0.1682	0.1193225558	0.2165
17SGH02617	2.3	1.2	0.5	0.714285714	47.6190476	142	73	2	2	5	0.190952381	0.1032531825	NA
17SGH00605	2.6	0.5	0.2	1.1	50	164	73	0	10	2	0.215	0.1375485302	1.803
17SGH01762	0.3	0.1	0.3	0.238095238	23.8095238	147	73	2	10	2	0.1664761905	0.0617110799	0.3565
17SGH03126	2.1	0.4	0.2	0.2	20	157	73	2	5	20	0.2064	0.1184659091	1.76
17SGH02169	0.6	0.1	0.2	0.55	55	159	71	2	2	2	0.2211	0.1338354577	NA
17SGH01158	2.8	1.3	0.5	0.571428571	47.6190476	155	73	2	5	10	0.174952381	0.1202606635	0.3376
17SGH02995	0	0.5	NA	0.608695652	43.4782609	155	73	2	5	50	0.1788695652	0.0611111111	0.51
17SGH03274	0.2	0.1	0.5	0.380952381	33.3333333	152	73	2	5	2	0.2166666667	0.0820069204	0.4816666667
17SGH04132	1.4	0.1	0.1	0.238095238	23.8095238	154	73	0	10	2	0.1544761905	0.0658159839	0.37225
