taxa	FHBZEA	FHBDON	FHBDISIND	FHBSPKINC	PTHT	ZDK	BLSSEV	HSATIVLSEV
20SGH000027	2.5	11.4	2.421052632	94.73684211	110	69	30	20
20SGH000031	0.9	24.8	3.1	85	125	69	30	10
20SGH000033	2	19.7	3.5	100	125	69	50	30
20SGH000050	NA	NA	NA	NA	NA	41	NA	NA
20SGH000055	0	4	2.05	85	140	71	2	20
20SGH000057	0.4	9.6	2.1	90	120	69	10	20
20SGH000060	NA	NA	NA	NA	NA	NA	NA	NA
20SGH000061	0	1.7	0.714285714	50	125	61	2	5
20SGH000066	1.1	12.1	2.75	85	115	71	20	5
20SGH000067	0	3.7	1.85	90	135	71	2	2
20SGH000088	0	1.4	3.75	95	130	69	20	10
20SGH000090	0	2	0.35	30	125	69	20	2
20SGH000092	0.5	4.2	1.769230769	69.23076923	110	69	30	50
20SGH000119	NA	NA	3.117647059	94.11764706	80	69	0	50
20SGH000131	NA	NA	2	100	100	65	NA	NA
20SGH000132	NA	NA	NA	NA	NA	NA	NA	NA
20SGH000139	0	1.2	1.5	62.5	125	65	10	10
20SGH000158	0.4	14.9	2.1	95	130	69	30	5
20SGH000166	NA	NA	2.133333333	93.33333333	80	69	5	2
20SGH000170	0.8	25.9	3.05	95	130	71	40	20
20SGH000178	0	0.8	1.2	65	115	69	5	10
20SGH000187	0	8.3	1.65	90	130	71	5	20
20SGH000197	0	2	0.8	45	100	65	10	40
20SGH000207	0	27.5	3.8	100	120	71	30	30
20SGH000214	0	14.1	1.85	75	105	69	2	10
20SGH000225	0	4.2	2.35	90	120	69	30	10
20SGH000227	1	20.9	3.65	100	120	69	20	10
20SGH000239	0	7.5	3.052631579	94.73684211	110	69	5	20
20SGH000249	NA	NA	NA	NA	NA	NA	NA	NA
20SGH000254	1.4	8.4	2.3	100	120	71	30	20
20SGH000267	0	20.7	2.8	85	100	71	0	5
20SGH000271	0.2	1.4	1.3	60	110	69	20	30
20SGH000285	0	1.7	1.85	80	110	69	10	2
20SGH000299	0	13.5	1.9	85	105	69	20	20
20SGH000312	NA	NA	0.4	40	80	59	10	2
20SGH000333	0.6	16	3.45	100	90	71	10	10
20SGH000335	0.9	13.2	2.65	85	125	69	30	20
20SGH000349	0.2	8.2	1.9	85	120	69	30	20
20SGH000351	NA	NA	0	0	90	39	2	2
20SGH000366	0.4	2.6	3.25	100	135	71	5	2
20SGH000382	0.7	9.1	1.5	58.33333333	90	71	20	10
20SGH000388	0	4.4	2	66.66666667	120	73	2	5
20SGH000399	0.7	16.9	2.2	90	120	69	50	20
20SGH000408	0	3.2	1.05	80	130	69	10	2
20SGH000413	0	14.6	2.615384615	92.30769231	90	69	30	20
20SGH000417	0	7.7	2.8	100	120	71	10	2
20SGH000420	NA	NA	NA	NA	130	57	NA	NA
20SGH000454	NA	NA	3.4	100	110	73	2	2
20SGH000460	0	3.3	1.85	80	110	69	10	20
20SGH000462	0.9	6.4	2.05	95	130	71	20	10
20SGH000468	0.7	6.1	1.7	75	120	71	30	10
20SGH000472	0.2	4.5	2.2	80	125	69	10	5
20SGH000479	0	5.3	1.45	80	125	69	2	10
20SGH000490	NA	NA	NA	NA	NA	NA	NA	NA
20SGH000496	0	0.7	1.444444444	88.88888889	100	69	5	2
20SGH000500	NA	NA	NA	NA	70	57	2	0
20SGH000519	1	11.3	2.55	100	120	71	30	30
20SGH000533	NA	NA	NA	NA	75	NA	NA	NA
20SGH000535	0.4	12.4	2.75	90	135	69	5	5
20SGH000551	0	1.4	2.85	95	150	69	60	10
20SGH000552	NA	NA	NA	NA	NA	NA	NA	NA
20SGH000554	0	10.2	1.266666667	66.66666667	110	69	50	10
20SGH000582	0	10.8	1.214285714	42.85714286	100	71	5	10
20SGH000586	0	4.9	2.6	95	120	71	2	5
20SGH000614	0	6.7	1.722222222	77.77777778	110	71	2	60
20SGH000621	0	8.9	2.25	80	110	71	10	10
20SGH000627	0.7	13.4	2.65	100	110	71	2	20
20SGH000631	0	10.2	2.15	90	120	69	NA	10
20SGH000651	0.3	6.9	3.5	100	100	71	10	30
20SGH000663	1	1.3	0.857142857	71.42857143	110	59	40	30
20SGH000667	0	1.5	0.823529412	64.70588235	105	59	5	30
20SGH000670	0	2.4	1.6	75	105	71	20	30
20SGH000699	0	7.7	2.65	90	110	65	2	0
20SGH000706	0.6	1.3	1.85	80	125	71	2	10
20SGH000710	0.2	7.2	2.5	100	130	61	20	2
20SGH000718	0	2	1.3	70	130	69	5	10
20SGH000744	0	18.4	3.5	100	120	69	10	2
20SGH000755	0	3.2	2.2	80	110	65	5	40
20SGH000780	1.3	35.5	3.85	100	115	69	5	10
20SGH000790	1.6	10.8	2.4	100	120	71	10	30
20SGH000811	3.9	21.6	3.25	90	100	69	20	10
20SGH000828	NA	NA	NA	NA	NA	NA	NA	NA
20SGH000835	0.9	11	3.1	95	110	69	20	10
20SGH000837	NA	NA	NA	NA	NA	NA	NA	NA
20SGH000839	0	3.3	1.45	80	120	69	10	5
20SGH000847	NA	NA	1	100	NA	57	2	2
20SGH000855	0.2	13.6	2.75	90	135	69	20	5
20SGH000860	0.5	10.8	3.1	95	120	69	20	10
20SGH000892	0.2	7.8	2.789473684	94.73684211	125	69	50	20
20SGH000896	NA	NA	NA	NA	NA	NA	NA	NA
20SGH000897	0	0	0.833333333	66.66666667	NA	57	10	2
20SGH000902	NA	NA	NA	NA	NA	NA	NA	NA
20SGH000911	0	6.3	3.55	100	130	69	5	30
20SGH000930	0.4	3.6	2.4	85	100	69	20	60
20SGH000932	NA	NA	1.7	95	95	59	10	2
20SGH000933	0.5	13.6	2.5	90	120	69	20	30
20SGH000935	3.2	5.3	3.2	100	120	69	10	2
20SGH000938	0	5.6	1.15	75	110	69	40	20
20SGH000972	0.4	13.2	3.315789474	100	120	71	10	2
20SGH000979	0	3.3	1	33.33333333	75	61	0	0
20SGH000983	NA	NA	NA	NA	50	41	2	20
20SGH000989	NA	NA	NA	NA	NA	NA	NA	NA
20SGH000997	NA	NA	0.166666667	16.66666667	100	57	10	30
20SGH001016	0	6.1	1.65	80	110	69	5	40
20SGH001051	0.4	3.2	2.35	95	135	71	0	10
20SGH001059	0.5	16	2.85	100	130	69	10	2
20SGH001067	0	0.5	1.5	58.33333333	100	69	10	10
20SGH001071	NA	NA	NA	NA	NA	NA	NA	NA
20SGH001087	1.1	19.1	3.35	100	120	71	30	10
20SGH001101	0	4.9	2.45	95	135	71	70	5
20SGH001120	0	4.1	2.65	100	130	71	5	0
20SGH001135	0	7.8	2.416666667	91.66666667	85	71	5	20
20SGH001139	0	3	2.05	85	125	69	5	5
20SGH001150	0	9	1.75	75	120	69	30	40
20SGH001173	0.5	5.3	2.45	90	100	69	2	5
20SGH001174	0	4.1	2.8125	81.25	105	69	10	30
20SGH001192	0	11.3	2.8	100	135	71	10	5
20SGH001224	0	0.7	1.625	75	110	69	20	30
20SGH001231	NA	NA	NA	NA	NA	NA	NA	NA
20SGH001235	0.5	3.2	3.35	100	115	69	5	5
20SGH001239	0.6	15.1	4.05	100	120	71	30	20
20SGH001245	0	3.8	1.1	65	110	69	5	5
20SGH001259	NA	NA	NA	NA	70	51	NA	NA
20SGH001270	0.2	9.3	3.55	100	125	73	20	2
20SGH001299	0.5	10.8	1.55	85	105	69	0	0
20SGH001320	0.3	10.1	2.6	100	120	71	20	10
20SGH001332	0.3	2.1	1.05	80	130	65	10	30
20SGH001350	NA	NA	NA	NA	NA	NA	NA	NA
20SGH001357	NA	NA	NA	NA	NA	39	0	2
20SGH001359	0	9.9	2.2	85	130	65	50	40
20SGH001360	NA	NA	3	100	40	55	5	5
20SGH001382	0	10	3	100	125	71	40	50
20SGH001387	0	3.4	0.25	12.5	110	61	5	20
20SGH001388	0	11.3	3.45	95	135	71	5	5
20SGH001392	0	0	2	100	100	69	5	5
20SGH001395	0	18.9	1.85	90	130	71	20	10
20SGH001420	0	4.8	1.8	85	125	65	10	20
20SGH001424	0.8	6.4	1.4	90	125	69	10	10
20SGH001434	0.8	7.2	2.35	90	120	73	5	5
20SGH001439	0.5	8.8	3	95	130	71	30	2
20SGH001440	NA	NA	NA	NA	55	NA	NA	NA
20SGH001456	0	10.6	2.25	90	110	69	10	2
20SGH001477	NA	NA	3	100	NA	69	20	0
20SGH001491	0.1	6.5	1.777777778	83.33333333	100	71	5	5
20SGH001502	0	2.2	2.25	100	115	71	2	0
20SGH001504	0	2.9	2	100	70	69	0	0
20SGH001512	0	15	1.166666667	50	100	69	10	30
20SGH001538	0.2	9.3	1.9	85	120	69	20	10
20SGH001541	0	0.9	0.611111111	38.88888889	100	61	5	10
20SGH001556	0	7.6	3.75	100	120	71	5	2
20SGH001566	0	1.2	0.857142857	57.14285714	110	65	5	5
20SGH001587	0	2.5	0.5	30	110	65	2	0
20SGH001595	0	6.4	1.142857143	42.85714286	100	69	30	5
20SGH001610	NA	NA	4	100	115	61	0	30
20SGH001618	NA	NA	NA	NA	NA	NA	NA	NA
20SGH001622	0	3.8	0.944444444	44.44444444	75	65	2	2
20SGH001666	0.6	12.9	3.65	100	130	71	30	20
20SGH001675	NA	NA	NA	NA	NA	NA	NA	NA
20SGH001692	NA	NA	NA	NA	115	59	NA	NA
20SGH001695	0.4	22.5	2.15	100	120	71	60	20
20SGH001699	0.5	12.5	1.45	80	135	71	10	10
20SGH001707	0.4	8.6	1.5	70	120	69	20	2
20SGH001727	0.9	18.9	1.95	95	115	69	2	5
20SGH001731	0.2	2.3	1.5	75	120	69	5	20
20SGH001741	0.1	2.9	1.25	70	95	69	2	0
20SGH001772	NA	NA	NA	NA	NA	NA	NA	NA
20SGH001774	0	6.1	3.05	85	80	61	5	10
20SGH001782	NA	NA	NA	NA	NA	NA	NA	NA
20SGH001789	0.1	9.9	3.15	100	130	71	30	10
20SGH001798	0.2	25.5	1.882352941	76.47058824	130	71	20	10
20SGH001814	0.1	7.3	2.9	100	130	71	5	5
20SGH001831	0	20.2	3.8	100	115	69	10	5
20SGH001856	0	42.1	2.3	85	110	69	5	10
20SGH001857	NA	NA	1.2	40	90	61	0	10
20SGH001864	0	1.7	1.95	85	110	71	5	5
20SGH001896	0	5.1	1.357142857	85.71428571	110	69	2	5
20SGH001899	0	0.9	1.4	65	105	71	10	10
20SGH001906	0	2.5	0.85	65	110	69	5	10
20SGH001923	0	0	0.5	33.33333333	80	51	5	20
20SGH001943	0	1.9	2.45	90	115	69	20	40
20SGH001959	0.3	25.2	3.65	100	115	71	60	20
20SGH001965	0	2	0.888888889	77.77777778	115	65	5	2
20SGH001971	0	22.6	3.75	100	130	69	60	5
20SGH001974	0.3	8.3	2.1	95	140	69	50	40
20SGH001980	0	6	1.2	65	1	69	10	30
20SGH002013	0.1	2.1	0.95	65	140	69	40	20
20SGH002020	1	24.3	2.8	100	120	71	10	40
20SGH002036	0	26.2	4	100	120	69	40	30
20SGH002044	0	2.8	3.35	100	120	69	5	5
20SGH002057	0.6	10.9	3	100	120	69	2	5
20SGH002061	0.8	7.4	3.2	95	130	71	10	0
20SGH002098	0.6	5.5	2.2	95	140	69	5	60
20SGH002109	0	1.2	0.666666667	50	110	69	5	60
20SGH002137	0.5	18.4	3.5	100	140	73	5	0
20SGH002149	0.2	1.7	2.3	100	120	69	20	10
20SGH002156	0	3.1	1.538461538	76.92307692	110	71	30	2
20SGH002170	0.3	5.3	1.571428571	71.42857143	105	69	5	20
20SGH002171	0.9	3.8	0.666666667	33.33333333	85	61	2	5
20SGH002180	0.2	19.8	3.65	100	120	71	20	5
20SGH002187	0.1	5.7	1.75	85	115	71	5	2
20SGH002190	0	0.4	0.285714286	28.57142857	100	59	2	10
20SGH002194	0.2	7.6	3.1	95	125	71	10	10
20SGH002197	0.3	7.3	2.1	85	120	69	5	2
20SGH002227	0	4.7	1.55	90	120	69	10	30
20SGH002234	0.5	16.4	2.15	85	130	71	20	10
20SGH002238	0.4	14.4	3.05	100	120	71	10	5
20SGH002251	0.3	5	1.7	85	120	71	2	2
20SGH002262	0	0.5	0.5	50	NA	57	0	2
20SGH002272	0	0.6	1.0625	62.5	NA	69	5	20
20SGH002280	0.2	1.7	1.5	75	130	69	5	10
20SGH002295	0.7	22.8	3.65	100	130	73	10	2
20SGH002304	0	4.7	3.3	100	110	69	5	10
20SGH002305	0	5.1	1.3	65	140	69	10	10
20SGH002314	0	10.3	1.85	85	120	71	10	20
20SGH002331	0.3	5.8	2	90	130	71	5	0
20SGH002334	NA	NA	NA	NA	NA	NA	NA	NA
20SGH002338	0.1	15.4	1.5625	75	130	69	10	20
20SGH002341	0.1	7.2	1.85	90	140	69	60	30
20SGH002357	0	1.5	2.5	85	130	69	0	60
20SGH002359	0	3.5	1.8	65	110	69	5	40
20SGH002372	0.3	8.7	2.95	100	120	69	10	2
20SGH002373	0	9.3	2.153846154	84.61538462	110	69	50	60
20SGH002394	0.2	2.4	1.5	60	90	65	10	10
20SGH002402	1	22.9	2.8	100	120	71	30	20
20SGH002403	NA	NA	1.2	70	130	69	10	30
20SGH002419	0	6.3	3.15	100	120	69	30	10
20SGH002428	0	8.6	1.95	90	100	69	60	30
20SGH002441	NA	NA	NA	NA	100	NA	NA	NA
20SGH002442	0	0.2	1.25	75	100	61	2	5
20SGH002461	0.2	3.8	0.666666667	33.33333333	120	69	20	40
20SGH002471	0.1	4.5	3.3	100	130	69	2	20
20SGH002506	0.4	9.7	2.294117647	76.47058824	130	69	60	30
20SGH002509	0	8.1	1.45	60	110	69	10	10
20SGH002529	NA	NA	3	100	60	69	2	10
20SGH002537	0	0	1.25	75	110	69	30	60
20SGH002540	0.8	23.5	3.1	100	115	71	5	20
20SGH002546	0.2	11.1	2.85	90	125	71	60	40
20SGH002548	1	14	2	83.33333333	75	69	30	5
20SGH002563	0.3	11.9	2.3	85	100	71	10	50
20SGH002569	0	2.5	2.05	90	115	71	10	30
20SGH002571	0	7.8	2.4	95	135	69	5	10
20SGH002602	NA	NA	1.2	70	60	77	0	2
20SGH002611	0.2	3.3	2.15	85	120	71	2	10
20SGH002620	0	0	4	100	90	65	NA	NA
20SGH002622	0	1.9	3.65	100	125	71	20	20
20SGH002660	0.5	20.2	1.611111111	72.22222222	120	69	20	30
20SGH002662	0	1.3	1.2	65	120	69	10	2
20SGH002671	NA	NA	NA	NA	NA	41	NA	NA
20SGH002672	0.4	14.8	2.55	90	110	69	5	10
20SGH002689	0	7.4	1.95	85	115	69	30	10
20SGH002698	0	9.7	3.2	100	135	71	30	10
20SGH002701	0	10.1	3	95	120	71	5	30
20SGH002709	0	1.5	0.538461538	38.46153846	105	69	NA	2
20SGH002711	NA	NA	NA	NA	NA	NA	NA	NA
20SGH002736	0	0.7	1	61.11111111	90	69	5	10
20SGH002745	0	8.5	1.333333333	50	NA	69	5	20
20SGH002754	0.3	31	2.95	95	130	71	20	30
20SGH002776	NA	NA	NA	NA	NA	NA	NA	NA
20SGH002778	NA	NA	NA	NA	NA	NA	NA	NA
20SGH002791	2.6	20.9	3	82.35294118	110	71	20	20
20SGH002798	NA	NA	NA	NA	NA	53	NA	NA
20SGH002801	0	5.4	1.85	80	125	69	10	20
20SGH002831	0	2.6	1.111111111	44.44444444	90	69	10	20
20SGH002847	0	2.9	1.333333333	100	80	71	2	0
20SGH002854	NA	NA	4.333333333	100	85	71	0	10
20SGH002856	10.1	11.3	2	85	120	69	10	10
20SGH002861	0.9	9.4	3	90	110	69	10	0
20SGH002877	NA	NA	1	100	NA	59	2	0
20SGH002893	1.1	11.1	4	100	140	71	10	5
20SGH002903	0.4	9.3	1.75	50	115	53	2	2
20SGH002910	1.3	11.3	2.85	90	120	69	5	20
20SGH002914	0	5	0.642857143	35.71428571	110	71	30	10
20SGH002930	0	2.1	0.45	40	140	69	30	30
20SGH002931	NA	NA	0	0	90	59	0	2
20SGH002941	0	8.2	1.9	65	110	71	30	10
20SGH002954	1	21	2.6	100	130	69	30	20
20SGH002989	2.8	13.2	4	100	110	69	2	5
20SGH002998	NA	NA	NA	NA	NA	NA	NA	NA
20SGH003014	NA	NA	NA	NA	NA	NA	NA	NA
20SGH003018	0	4.6	1.9375	81.25	120	69	30	10
20SGH003027	NA	NA	NA	NA	NA	NA	NA	NA
20SGH003051	0	4.3	1.65	75	110	69	10	10
20SGH003053	0.1	5.9	1.4	65	125	69	5	20
20SGH003054	NA	NA	NA	NA	NA	NA	NA	NA
20SGH003057	0.6	8	1.6	90	125	71	10	2
20SGH003061	NA	NA	NA	NA	NA	NA	NA	NA
20SGH003062	0.2	3.3	2.25	95	140	69	10	5
20SGH003089	0	5.4	3.35	95	135	71	20	2
20SGH003091	NA	NA	NA	NA	NA	NA	NA	NA
20SGH003098	0.5	0.6	1.631578947	89.47368421	120	71	5	10
20SGH003118	NA	NA	NA	NA	NA	NA	NA	NA
20SGH003124	0	0	0.875	25	105	69	5	40
20SGH003157	NA	NA	NA	NA	NA	NA	NA	NA
20SGH003158	0.7	8.4	2.95	100	125	69	5	10
20SGH003159	NA	NA	NA	NA	NA	NA	NA	NA
20SGH003169	0.2	12.1	2.65	100	105	71	5	30
20SGH003178	NA	NA	NA	NA	NA	NA	NA	NA
20SGH003179	0	3.7	2.55	90	120	71	0	10
20SGH003187	NA	NA	NA	NA	NA	NA	NA	NA
20SGH003219	0.1	4.3	0.5	50	85	61	2	60
20SGH003225	NA	NA	3.133333333	100	105	65	5	2
20SGH003231	0	0	1.5	50	100	65	0	5
20SGH003237	0	4.1	1.333333333	66.66666667	80	69	5	5
20SGH003240	1.5	10.9	2.95	100	120	71	40	20
20SGH003247	NA	NA	NA	NA	NA	NA	NA	NA
20SGH003258	NA	NA	NA	NA	NA	NA	NA	NA
20SGH003259	0	0	0	0	130	57	0	0
20SGH003266	NA	NA	1.444444444	83.33333333	120	73	0	0
20SGH003272	0	3.5	0.95	65	115	69	40	2
20SGH003276	NA	NA	NA	NA	NA	NA	NA	NA
20SGH003277	NA	NA	NA	NA	NA	NA	NA	NA
20SGH003280	NA	NA	0	0	65	39	0	2
20SGH003292	NA	NA	0	0	75	47	10	30
20SGH003293	NA	NA	NA	NA	50	55	NA	NA
20SGH003304	1.9	2.7	0.625	25	100	71	20	20
20SGH003310	NA	NA	NA	NA	NA	NA	NA	NA
20SGH003332	0	11.2	2.368421053	73.68421053	130	71	2	2
20SGH003339	0.2	4.5	3.85	100	130	71	5	20
20SGH003347	NA	NA	NA	NA	NA	NA	NA	NA
20SGH003350	0	5.7	0	0	120	59	0	2
20SGH003359	NA	NA	NA	NA	NA	NA	NA	NA
20SGH003360	NA	NA	NA	NA	NA	NA	NA	NA
20SGH003369	NA	NA	NA	NA	NA	NA	NA	NA
20SGH003370	0.3	6.8	3.55	100	110	69	2	10
20SGH003379	NA	NA	NA	NA	NA	NA	NA	NA
20SGH003396	0	3.5	1.5	50	100	61	10	5
20SGH003410	NA	NA	NA	NA	NA	53	NA	NA
20SGH003412	NA	NA	0	0	70	59	2	2
20SGH003420	NA	NA	NA	NA	NA	NA	NA	NA
20SGH003432	NA	NA	NA	NA	NA	NA	NA	NA
20SGH003443	0	2.9	0.923076923	46.15384615	110	69	20	30
20SGH003453	0	9	2.5	100	110	69	20	20
20SGH003461	0.2	7.4	3.75	100	135	73	20	5
20SGH003465	NA	NA	NA	NA	NA	NA	NA	NA
20SGH003473	0.5	2.5	1.9	90	120	69	30	10
20SGH003501	0.2	16.5	2.428571429	92.85714286	115	69	30	10
20SGH003506	0	0.4	0.222222222	22.22222222	130	69	2	2
20SGH003515	0	0	0.2	20	100	57	5	2
20SGH003536	0	3.1	2.7	100	140	71	10	0
20SGH003551	0	2.4	3	100	140	69	20	5
20SGH003563	0	6.2	1.5	66.66666667	110	69	2	10
20SGH003584	0	6.4	1.615384615	61.53846154	75	69	10	5
20SGH003587	NA	NA	0	0	85	59	NA	NA
20SGH003592	0	3.5	1.4	65	100	71	5	5
20SGH003620	0	3.9	1.7	90	120	69	0	60
20SGH003623	0.5	3.4	1.75	75	120	69	40	40
20SGH003638	0	24.4	3.7	95	135	69	50	10
20SGH003693	NA	NA	NA	NA	NA	NA	NA	NA
20SGH003694	0	1.2	2.05	75	NA	69	20	2
20SGH003696	NA	NA	0	0	85	45	2	0
20SGH003703	0	6.5	1.176470588	76.47058824	105	61	10	30
20SGH003729	NA	NA	NA	NA	NA	NA	NA	NA
20SGH003738	0.3	1.3	0.65	55	110	71	30	20
20SGH003748	0	2.3	3.727272727	100	110	71	20	10
20SGH003751	NA	NA	0	0	65	39	0	20
20SGH003769	NA	NA	NA	NA	NA	69	NA	NA
20SGH003788	0.1	6.5	3.4	100	120	71	70	5
20SGH003799	0	2.8	1.210526316	57.89473684	95	69	10	10
20SGH003811	0	1.6	1.05	65	100	69	20	10
20SGH003817	NA	NA	NA	NA	NA	NA	NA	NA
20SGH003820	0	3.8	1.15	70	105	69	2	2
20SGH003825	NA	NA	NA	NA	NA	NA	NA	NA
20SGH003827	0	0.4	1.090909091	54.54545455	75	61	5	2
20SGH003829	1.5	37.1	2.75	100	125	69	10	0
20SGH003830	NA	NA	3.666666667	100	110	69	0	5
20SGH003837	NA	NA	NA	NA	NA	NA	NA	NA
20SGH003851	0	16.3	2.85	100	135	71	20	10
20SGH003854	0.5	11.4	2.8	100	130	69	30	10
20SGH003862	0	12.8	2.35	100	140	69	5	10
20SGH003868	NA	NA	1.666666667	66.66666667	120	69	10	20
20SGH003897	0	3	1.75	80	130	71	5	10
20SGH003902	0	2.5	1.15	60	110	69	10	2
20SGH003910	0	1.1	1.15	65	125	69	20	5
20SGH003920	0.4	8.3	2.45	95	115	69	10	5
20SGH003947	NA	NA	NA	NA	NA	NA	NA	NA
20SGH003977	NA	NA	NA	NA	NA	NA	NA	NA
