taxa	FHBZEA	FHBDON	FHBDISIND	FHBSPKINC	PTHT	ZDK	BLSSEV	HSATIVLSEV
20SGH000018	0	0	4	100	80	77	5	2
20SGH000020	0	0.2	4.4	100	80	77	5	0
20SGH000023	0	0	3.95	100	110	77	20	0
20SGH000029	0	0	4.846153846	100	95	71	0	20
20SGH000099	0	0	0.5	33.33333333	65	77	20	10
20SGH000105	0	0.4	2.8	95	90	75	10	10
20SGH000112	NA	NA	NA	NA	NA	NA	NA	NA
20SGH000119	0	0	3.45	95	90	77	10	0
20SGH000130	0.1	0	2.4	85	125	75	30	20
20SGH000146	NA	NA	3.05	100	115	77	5	5
20SGH000150	0	0	3.9	100	120	77	10	0
20SGH000166	0	0	2.352941176	64.70588235	75	75	0	2
20SGH000179	0	0	2.5	85	105	73	10	2
20SGH000181	0	0	3.05	95	115	77	20	10
20SGH000190	0	0	2.65	90	105	75	NA	NA
20SGH000219	0	0	3.9	95	100	77	30	5
20SGH000226	0	0	3.6	90	120	75	2	2
20SGH000228	0	0	1	70	110	73	5	5
20SGH000245	0	0.3	1.058823529	41.17647059	100	69	10	20
20SGH000262	NA	NA	NA	NA	NA	NA	NA	NA
20SGH000275	0	0	2.846153846	76.92307692	75	71	10	2
20SGH000277	0.1	0.2	3.2	90	115	77	10	10
20SGH000294	NA	NA	NA	NA	NA	NA	NA	NA
20SGH000302	0	0	0.55	40	110	73	2	2
20SGH000307	0.1	0.5	1.75	75	110	73	2	10
20SGH000309	0.5	0.9	3.05	100	100	75	0	10
20SGH000321	0	0	1.8	40	60	67	0	10
20SGH000344	0	0	2.25	75	95	77	30	20
20SGH000358	NA	NA	NA	NA	NA	NA	NA	NA
20SGH000371	0	0	3.35	95	115	75	30	10
20SGH000380	0	0	1.3	70	120	73	10	0
20SGH000405	0	0.1	1.176470588	64.70588235	100	69	10	0
20SGH000409	0	0	2	85	90	73	10	0
20SGH000429	0	0	4.1	100	125	77	2	2
20SGH000434	0	0	1.2	40	85	77	2	5
20SGH000445	0	0	3.25	100	130	75	10	20
20SGH000448	0	0	4.7	100	120	75	5	0
20SGH000454	0	0	1.9	75	110	75	30	2
20SGH000480	0	0.3	1	62.5	65	71	2	5
20SGH000493	0.1	0	3.2	95	105	77	5	2
20SGH000502	0	0	2.85	90	100	77	5	2
20SGH000511	0	0	2	100	70	75	0	5
20SGH000530	0.1	0.1	3.55	100	120	77	10	30
20SGH000545	0	0.5	0.875	50	95	69	2	2
20SGH000546	0.1	0.2	2.2	75	100	75	5	0
20SGH000561	0	0	3	95	105	73	60	0
20SGH000574	NA	NA	NA	NA	NA	NA	NA	NA
20SGH000578	NA	NA	NA	NA	20	73	0	2
20SGH000585	0	0	3.3	100	100	77	2	0
20SGH000591	0.2	0.1	4.3	100	90	77	20	0
20SGH000619	0	0	4.052631579	100	100	77	30	0
20SGH000626	2.7	2.4	NA	NA	NA	NA	10	10
20SGH000634	0.1	0.2	4.15	100	120	75	10	2
20SGH000654	0	0	3.25	95	125	77	10	10
20SGH000668	0	0	3.3	100	100	77	2	30
20SGH000676	0	0.4	3.95	100	100	77	10	2
20SGH000693	0	0	4.5	100	110	77	5	2
20SGH000698	0	0	3.1	95	120	73	2	5
20SGH000701	0	0	4.05	100	115	77	NA	NA
20SGH000732	0.1	0.1	3.368421053	100	105	69	40	0
20SGH000740	0	0	4.2	100	125	73	0	5
20SGH000743	0.1	0	4.45	95	80	69	0	5
20SGH000748	0.4	0.6	4	100	115	77	40	5
20SGH000771	0	0	2.9	95	105	77	2	2
20SGH000781	0	0	1.3	65	75	75	30	0
20SGH000786	0	0	4.4	100	120	77	2	2
20SGH000792	0.1	0.4	1.6	65	110	75	0	0
20SGH000799	0	0.1	4.6	100	110	77	5	2
20SGH000813	0	0.1	3.210526316	94.73684211	120	75	20	10
20SGH000823	0	0	2.1875	56.25	90	73	2	0
20SGH000846	0	0	3.95	100	100	77	2	0
20SGH000849	NA	NA	NA	NA	NA	NA	NA	NA
20SGH000852	0	0	1	60	105	71	5	2
20SGH000866	0.1	0.9	3.65	95	80	75	10	0
20SGH000869	0	0.1	4.8	100	115	75	20	20
20SGH000896	0	0	3.6	100	120	77	10	0
20SGH000898	0	0	1.3	65	90	73	2	10
20SGH000905	0	0	3.45	100	110	75	2	0
20SGH000918	0	0	2.55	95	120	73	2	5
20SGH000932	NA	NA	2	50	30	65	5	0
20SGH000937	0.2	0.1	3.842105263	100	110	77	20	5
20SGH000948	0.2	0.2	3.066666667	93.33333333	90	73	0	0
20SGH000959	0	0	4.05	100	125	77	NA	NA
20SGH000995	0.3	0	3.45	100	105	77	10	5
20SGH001010	0	0	3	100	75	71	20	2
20SGH001011	0.1	0.2	2.9	95	130	75	20	0
20SGH001013	0	0	3.7	100	130	75	2	2
20SGH001018	0	0	4.15	100	110	75	10	0
20SGH001031	0	0	3.25	95	100	75	0	10
20SGH001053	0	0	3.9	95	110	75	10	2
20SGH001058	0	0	4.25	100	120	77	20	0
20SGH001070	0	0	1.714285714	71.42857143	80	71	2	0
20SGH001075	0	0	4.4	100	140	77	20	0
20SGH001085	NA	NA	NA	NA	NA	NA	NA	NA
20SGH001088	0.1	0.1	0.941176471	47.05882353	70	69	10	0
20SGH001102	0	0	3	90	110	73	40	0
20SGH001108	0.1	0.1	1.55	65	120	77	20	0
20SGH001121	0.4	0.3	4.55	100	125	77	30	0
20SGH001136	0	0	3.65	95	110	77	20	10
20SGH001152	0	0	2.666666667	83.33333333	85	75	5	2
20SGH001155	0.1	0.2	2.684210526	89.47368421	100	75	10	0
20SGH001159	0	0	4.15	100	95	77	40	0
20SGH001177	0	0.1	3.75	100	120	73	10	0
20SGH001183	0	0.3	3.9	100	120	75	10	2
20SGH001185	0	0	2.15	80	105	77	30	2
20SGH001198	0	0.2	4.3	100	110	77	20	0
20SGH001212	0	0	3	95	135	75	20	2
20SGH001215	0	0	1.15	55	125	75	2	70
20SGH001223	1.4	0.4	2.95	85	110	77	70	0
20SGH001225	0	0	3.85	100	125	71	NA	NA
20SGH001234	0	0	2.75	90	105	75	5	0
20SGH001240	0	0	2.85	100	120	77	5	0
20SGH001255	0	0	3.7	100	100	77	40	0
20SGH001256	NA	NA	NA	NA	NA	NA	NA	NA
20SGH001268	0	0	2.5	95	120	75	5	70
20SGH001274	0	0	1.857142857	85.71428571	100	71	0	2
20SGH001287	0	0	3.55	100	115	75	50	0
20SGH001302	0	0	4.578947368	100	120	77	20	0
20SGH001304	0	0	3.35	100	125	75	20	2
20SGH001310	0	0.2	3.85	100	110	77	30	0
20SGH001311	0	0	2.5	80	110	77	2	10
20SGH001344	0	0	2.444444444	77.77777778	80	71	0	5
20SGH001348	0	0	2	90	130	73	5	0
20SGH001352	0.1	0.2	1.65	70	120	73	20	0
20SGH001362	0.1	0.2	1.1	55	100	73	5	20
20SGH001394	0	2.3	4.35	100	120	77	10	0
20SGH001411	0	0	2.25	90	120	73	5	10
20SGH001430	0	0	3.25	100	130	73	5	5
20SGH001436	0	0	4.2	100	120	77	0	20
20SGH001446	0	0	3.1	100	130	77	10	10
20SGH001467	0.1	0.3	0.95	60	100	77	10	5
20SGH001473	0	0.3	1.25	50	70	71	20	10
20SGH001476	0	0	1.368421053	63.15789474	65	73	2	10
20SGH001494	NA	NA	NA	NA	NA	NA	NA	NA
20SGH001509	0.1	0.1	2.15	70	115	77	2	0
20SGH001511	0	0	1.9	70	95	75	5	2
20SGH001532	0.1	0.1	4.45	100	115	77	5	20
20SGH001533	0	0	0.85	45	110	75	2	10
20SGH001555	0.1	0	3.95	100	90	75	0	2
20SGH001559	0.1	0	4.05	100	105	77	5	2
20SGH001573	0.1	0	3.65	100	120	77	2	2
20SGH001579	NA	NA	NA	NA	15	73	0	0
20SGH001610	0	0	2.3	90	100	77	5	20
20SGH001616	NA	NA	NA	NA	NA	NA	NA	NA
20SGH001620	0.1	0.1	2	80	90	71	5	2
20SGH001626	0.1	0.1	1.55	85	130	73	10	2
20SGH001627	0	0	4.3	100	130	75	10	5
20SGH001645	0	0	3	100	105	71	10	2
20SGH001667	0	0	2.4	85	115	75	40	2
20SGH001669	0	0	1.85	85	120	73	2	10
20SGH001704	0	0.2	4.25	100	90	71	0	5
20SGH001708	0.1	0.3	1.35	50	120	73	0	0
20SGH001734	0	0.1	1.4	80	110	69	5	2
20SGH001745	0	0	1.157894737	68.42105263	85	69	5	2
20SGH001749	0.1	0	2.4	90	120	75	10	5
20SGH001763	NA	NA	NA	NA	NA	NA	NA	NA
20SGH001781	0	0	3.7	100	115	71	10	2
20SGH001810	0	0	2.1	95	110	75	20	2
20SGH001821	NA	NA	NA	NA	NA	NA	NA	NA
20SGH001822	0	0	4.5	100	105	75	5	5
20SGH001827	0	0	1	55	130	73	10	0
20SGH001830	0	0	3.6	95	100	77	10	10
20SGH001857	0.1	0	1	44.44444444	65	59	0	5
20SGH001859	0	0	4.15	100	120	77	2	2
20SGH001871	0	0	4.5	100	115	77	10	2
20SGH001885	0.1	0.1	2.7	95	95	77	20	2
20SGH001893	0	0.4	4.1	100	100	77	5	20
20SGH001898	0.2	0.1	1.157894737	42.10526316	75	69	2	0
20SGH001919	0	0	2.894736842	94.73684211	85	77	10	2
20SGH001933	0	0.1	3.45	100	120	77	5	0
20SGH001935	0	0.1	4.9	100	130	71	2	2
20SGH001939	NA	NA	NA	NA	NA	NA	NA	NA
20SGH001953	NA	NA	NA	NA	NA	NA	NA	NA
20SGH001957	0	0.2	3.85	100	130	71	2	0
20SGH001984	0	0.4	3.65	100	110	77	0	2
20SGH001992	0	0	4.25	100	120	75	10	20
20SGH002000	0	0	1.95	85	105	77	20	0
20SGH002024	0.1	0.3	3.85	100	125	75	10	2
20SGH002033	0	0	1.142857143	42.85714286	85	75	2	5
20SGH002038	0.1	0.1	3.85	100	135	77	20	10
20SGH002055	0.1	0	2.25	80	105	77	20	0
20SGH002060	0	0	3.3	100	120	75	10	0
20SGH002077	0	0	1.444444444	55.55555556	80	71	5	5
20SGH002091	0	0	3.75	100	125	77	40	2
20SGH002099	0	0	1.75	75	100	71	10	5
20SGH002124	0	1.3	1.1	50	90	75	5	0
20SGH002132	NA	NA	NA	NA	NA	NA	NA	NA
20SGH002136	0	0.3	3.4	100	100	77	50	0
20SGH002160	0	0	3.15	100	120	75	40	20
20SGH002172	0.1	0.9	1.5	65	100	71	10	2
20SGH002173	0	0.3	3.75	100	120	75	40	5
20SGH002176	0	0	2.722222222	94.44444444	105	75	5	2
20SGH002199	0	2.7	0.416666667	33.33333333	80	73	10	5
20SGH002201	0	0.5	3.2	95	130	77	20	20
20SGH002222	0	0.1	3.833333333	94.44444444	105	73	0	2
20SGH002223	0	0	2	65	90	77	5	0
20SGH002233	0.1	0.6	4.15	100	125	75	2	10
20SGH002235	0.1	0	4.2	100	110	77	10	2
20SGH002252	0	0	1.95	70	90	73	20	0
20SGH002260	0.1	0.5	4.1	100	110	77	20	0
20SGH002278	0	0	3.2	100	85	75	5	2
20SGH002302	0.1	0	2.85	90	130	77	10	10
20SGH002311	0	0.4	2.8	85	110	75	10	10
20SGH002320	0	0	2	70	105	73	2	2
20SGH002335	0	0	3.285714286	100	100	77	20	0
20SGH002350	0	0.1	3.15	90	100	71	20	0
20SGH002353	0.1	0.8	3.8	100	105	75	0	20
20SGH002358	0.1	0.3	4.2	100	120	75	10	0
20SGH002374	0.1	0.2	1.15	60	130	71	10	2
20SGH002383	NA	NA	NA	NA	NA	30	NA	NA
20SGH002388	0.1	0.1	2.65	90	90	75	20	10
20SGH002400	NA	NA	NA	NA	NA	NA	NA	NA
20SGH002413	0	0	1.611111111	77.77777778	80	75	10	0
20SGH002421	0	0.1	3	95	120	77	30	10
20SGH002438	NA	NA	NA	NA	NA	NA	NA	NA
20SGH002450	0.1	1.1	3.1	100	110	77	5	5
20SGH002465	0	0	2.25	80	110	77	20	2
20SGH002479	0	0	2.6	80	85	71	20	2
20SGH002486	NA	NA	NA	NA	NA	NA	NA	NA
20SGH002496	0	0	2.7	95	120	75	10	20
20SGH002503	0	0	1.25	60	115	71	10	10
20SGH002510	0	0	0.3	20	125	71	10	2
20SGH002513	0	0.5	1.555555556	66.66666667	95	71	0	5
20SGH002522	0.3	0.1	2.6	66.66666667	70	71	30	0
20SGH002529	0.1	0.2	2.6	80	110	77	30	5
20SGH002541	0	0.2	2	85	90	71	10	10
20SGH002576	0.1	0.2	4.05	100	95	77	0	10
20SGH002577	0	0	4.2	100	130	77	5	5
20SGH002584	0	0	4.45	100	100	77	10	40
20SGH002588	0	0	4.05	100	130	77	10	0
20SGH002621	0	0	3.85	100	120	77	2	10
20SGH002632	0	0.8	1.333333333	66.66666667	65	71	2	0
20SGH002637	0	0.2	3.631578947	89.47368421	90	77	10	0
20SGH002646	0	2.5	2.066666667	80	90	77	20	10
20SGH002653	0.5	0.1	4.05	95	75	77	5	0
20SGH002655	0	0	3.95	100	115	77	2	0
20SGH002670	0	0	4	100	110	77	20	2
20SGH002691	0	0	3.75	95	120	77	30	20
20SGH002700	0	0	4	100	120	75	10	5
20SGH002731	0.2	0	2.7	90	110	75	10	0
20SGH002733	0	0	1.65	75	95	71	5	0
20SGH002750	0	0	1.25	70	90	73	5	5
20SGH002753	0	0	1.1	65	100	73	10	5
20SGH002777	0	0	3.3	95	100	77	40	0
20SGH002788	0	0	1.9	80	105	71	10	5
20SGH002790	0	0	4.5	100	80	77	0	5
20SGH002793	0	0	3.583333333	100	85	69	10	0
20SGH002810	0	0	4.55	100	130	77	10	2
20SGH002815	0	0	2.35	75	100	77	20	10
20SGH002817	0.1	0.7	2.05	85	100	75	5	5
20SGH002835	0	0.1	0.8	65	120	75	10	2
20SGH002837	0	0	0.5	35	110	71	10	2
20SGH002854	0.1	0.2	3.4	100	110	73	20	0
20SGH002859	0	0	1.75	75	100	71	2	0
20SGH002871	NA	NA	NA	NA	NA	NA	NA	NA
20SGH002904	0	0	3.85	100	120	77	10	5
20SGH002911	0	0	4.55	100	110	77	10	0
20SGH002913	0	0	3.3	90	100	75	2	0
20SGH002917	0	0	3.55	100	120	77	30	10
20SGH002923	0	0	2.35	85	120	77	10	20
20SGH002934	0	0	3.1	95	115	77	20	0
20SGH002956	0	0	3.5	100	100	77	2	10
20SGH002963	0	0	2.15	90	85	77	2	30
20SGH002971	0	0	3.3	100	120	71	10	5
20SGH002996	0.1	0	3.2	100	125	77	20	10
20SGH002999	0.4	0.2	3.1	95	90	77	20	0
20SGH003000	NA	NA	NA	NA	NA	NA	NA	NA
20SGH003019	0	0	1.588235294	64.70588235	90	77	5	2
20SGH003026	0	0	1.15	65	100	73	5	5
20SGH003030	0	0	4.25	100	130	77	0	20
20SGH003039	0.3	0	3.7	90	105	77	10	5
20SGH003055	NA	NA	NA	NA	NA	NA	NA	NA
20SGH003060	0	0	1.947368421	57.89473684	90	71	10	0
20SGH003090	0	0	4.5	100	110	77	10	5
20SGH003092	0	0	4.1	100	120	75	20	10
20SGH003097	0.1	0.1	3.9	100	90	77	5	10
20SGH003130	0	0.1	2.944444444	88.88888889	120	73	20	0
20SGH003141	0	0	3.2	100	95	77	5	0
20SGH003145	0	0	3.5	100	100	77	10	0
20SGH003146	0	0	4.6	100	120	77	10	2
20SGH003170	NA	NA	NA	NA	NA	NA	NA	NA
20SGH003180	0.4	0.1	2.35	85	115	77	5	10
20SGH003184	0	0	2	75	95	77	5	5
20SGH003188	0	0.1	1.5	65	115	75	5	0
20SGH003220	0	0	3.65	100	115	71	2	0
20SGH003225	0.1	0.2	3.35	95	110	75	5	0
20SGH003234	0	0	2.65	95	100	69	5	2
20SGH003261	0	0.1	1.45	65	105	73	10	10
20SGH003267	0	0	2.05	85	115	75	5	20
20SGH003276	0	0	1.8	75	95	77	10	0
20SGH003279	0	0	4.65	100	105	75	2	10
20SGH003301	0	0.4	1.4	70	100	69	10	2
20SGH003307	0.1	0	1.181818182	54.54545455	70	71	2	10
20SGH003311	0	0	0.55	40	70	71	10	10
20SGH003312	0	0	2.375	75	75	71	20	5
20SGH003318	0	0	3	100	50	69	5	2
20SGH003329	0	0.1	4.3	100	115	77	10	0
20SGH003335	0	0	1.55	75	125	71	2	2
20SGH003338	0.1	0.2	3.5	95	115	77	10	2
20SGH003351	0	0	3.55	100	100	77	20	0
20SGH003353	0	0	4.45	100	120	73	10	0
20SGH003358	0.1	0	3.65	100	100	71	5	0
20SGH003380	0.2	0	3.263157895	78.94736842	95	75	5	0
20SGH003386	0	0.1	1.75	70	85	77	2	5
20SGH003387	0	0	1.4	60	90	71	5	2
20SGH003389	0.1	0.2	1.45	55	100	75	2	0
20SGH003409	0	0	3.75	100	100	75	20	0
20SGH003413	0	0	3.3	100	110	75	5	10
20SGH003417	NA	NA	3	100	40	69	2	2
20SGH003418	NA	NA	1.875	50	85	75	10	0
20SGH003455	0	0	2.875	100	80	69	5	0
20SGH003470	0.1	0.1	2.35	95	105	73	20	0
20SGH003492	0	0.1	0.95	40	115	73	2	2
20SGH003498	NA	NA	NA	NA	NA	NA	NA	NA
20SGH003507	0	0.1	1.65	80	115	77	10	0
20SGH003534	0.1	0.1	2.75	85	135	73	20	5
20SGH003541	0	0	3.55	100	120	77	10	2
20SGH003542	0.1	0.1	4.3	100	135	77	10	2
20SGH003547	0.1	0.1	2	100	60	73	10	2
20SGH003557	NA	NA	NA	NA	NA	NA	NA	NA
20SGH003578	0	0	1.25	70	75	77	5	20
20SGH003593	0	0.3	3.8	100	110	77	5	10
20SGH003595	0	0.2	1.75	70	95	75	5	10
20SGH003598	0	0	3.7	100	90	73	5	20
20SGH003611	0	0	0.6	45	120	77	10	0
20SGH003613	0.2	0.2	1.8	70	95	73	2	2
20SGH003618	0	0	1.8	60	100	77	5	0
20SGH003633	0	0	1.222222222	55.55555556	90	77	0	20
20SGH003650	0	0.5	2.882352941	94.11764706	110	77	20	0
20SGH003667	0	0	1.65	70	135	77	30	10
20SGH003670	NA	NA	NA	NA	NA	NA	NA	NA
20SGH003684	0	0.2	3	81.25	105	75	2	10
20SGH003705	0	0.1	2.3	85	120	77	40	5
20SGH003715	0	0	4.65	100	115	77	10	0
20SGH003717	0.1	0.2	2.9	95	115	77	10	0
20SGH003735	0	0.2	1.7	85	115	75	10	2
20SGH003739	NA	NA	NA	NA	NA	69	20	30
20SGH003740	NA	NA	2	57.14285714	90	71	2	0
20SGH003771	NA	NA	2.25	90	50	NA	0	5
20SGH003784	0.1	0	3.333333333	83.33333333	70	69	2	10
20SGH003787	0.2	0	2.3	90	110	71	20	10
20SGH003794	0	0	2.9	85	100	77	20	0
20SGH003795	0	0	2.8	100	105	71	0	0
20SGH003816	0	0.5	2.35	75	100	71	20	5
20SGH003822	0	0.2	4.2	100	115	77	50	2
20SGH003830	0	0	3.9	95	120	77	10	0
20SGH003831	0	0	3.65	100	110	77	NA	NA
20SGH003834	0	0	3.7	100	110	69	20	0
20SGH003835	0	0	2.25	80	105	71	10	0
20SGH003845	0.3	0.4	1.85	85	95	75	40	0
20SGH003856	0	0.4	1.7	80	120	71	5	2
20SGH003866	0	0.3	1	65	100	77	10	5
20SGH003871	0	0	3.1	90	115	77	30	2
20SGH003884	0	0	4.25	95	90	73	5	0
20SGH003893	0	0	3.9	100	110	75	5	2
20SGH003913	0	0	2.052631579	89.47368421	140	71	20	5
20SGH003952	0	0	1	55	120	71	20	2
20SGH003985	NA	NA	NA	NA	100	69	NA	NA
